<Qucs Dataset 1.0.6>
<indep frequency 200>
  +1.00000000000000000000e+07
  +3.00502512562814056873e+07
  +5.01005025125628113747e+07
  +7.01507537688442170620e+07
  +9.02010050251256227493e+07
  +1.10251256281407028437e+08
  +1.30301507537688434124e+08
  +1.50351758793969839811e+08
  +1.70402010050251245499e+08
  +1.90452261306532651186e+08
  +2.10502512562814056873e+08
  +2.30552763819095462561e+08
  +2.50603015075376868248e+08
  +2.70653266331658244133e+08
  +2.90703517587939679623e+08
  +3.10753768844221115112e+08
  +3.30804020100502490997e+08
  +3.50854271356783866882e+08
  +3.70904522613065302372e+08
  +3.90954773869346737862e+08
  +4.11005025125628113747e+08
  +4.31055276381909489632e+08
  +4.51105527638190925121e+08
  +4.71155778894472360611e+08
  +4.91206030150753736496e+08
  +5.11256281407035112381e+08
  +5.31306532663316547871e+08
  +5.51356783919597983360e+08
  +5.71407035175879359245e+08
  +5.91457286432160735130e+08
  +6.11507537688442230225e+08
  +6.31557788944723606110e+08
  +6.51608040201004981995e+08
  +6.71658291457286357880e+08
  +6.91708542713567733765e+08
  +7.11758793969849228859e+08
  +7.31809045226130604744e+08
  +7.51859296482411980629e+08
  +7.71909547738693475723e+08
  +7.91959798994974851608e+08
  +8.12010050251256227493e+08
  +8.32060301507537603378e+08
  +8.52110552763818979263e+08
  +8.72160804020100474358e+08
  +8.92211055276381850243e+08
  +9.12261306532663226128e+08
  +9.32311557788944721222e+08
  +9.52361809045226097107e+08
  +9.72412060301507472992e+08
  +9.92462311557788848877e+08
  +1.01251256281407022476e+09
  +1.03256281407035171986e+09
  +1.05261306532663309574e+09
  +1.07266331658291447163e+09
  +1.09271356783919596672e+09
  +1.11276381909547734261e+09
  +1.13281407035175871849e+09
  +1.15286432160804009438e+09
  +1.17291457286432147026e+09
  +1.19296482412060284615e+09
  +1.21301507537688446045e+09
  +1.23306532663316583633e+09
  +1.25311557788944721222e+09
  +1.27316582914572858810e+09
  +1.29321608040200996399e+09
  +1.31326633165829133987e+09
  +1.33331658291457271576e+09
  +1.35336683417085409164e+09
  +1.37341708542713546753e+09
  +1.39346733668341708183e+09
  +1.41351758793969845772e+09
  +1.43356783919597983360e+09
  +1.45361809045226120949e+09
  +1.47366834170854258537e+09
  +1.49371859296482396126e+09
  +1.51376884422110533714e+09
  +1.53381909547738695145e+09
  +1.55386934673366832733e+09
  +1.57391959798994970322e+09
  +1.59396984924623107910e+09
  +1.61402010050251245499e+09
  +1.63407035175879383087e+09
  +1.65412060301507520676e+09
  +1.67417085427135658264e+09
  +1.69422110552763795853e+09
  +1.71427135678391957283e+09
  +1.73432160804020094872e+09
  +1.75437185929648232460e+09
  +1.77442211055276370049e+09
  +1.79447236180904507637e+09
  +1.81452261306532645226e+09
  +1.83457286432160782814e+09
  +1.85462311557788944244e+09
  +1.87467336683417081833e+09
  +1.89472361809045219421e+09
  +1.91477386934673357010e+09
  +1.93482412060301494598e+09
  +1.95487437185929632187e+09
  +1.97492462311557769775e+09
  +1.99497487437185907364e+09
  +2.01502512562814044952e+09
  +2.03507537688442206383e+09
  +2.05512562814070343971e+09
  +2.07517587939698481560e+09
  +2.09522613065326619148e+09
  +2.11527638190954756737e+09
  +2.13532663316582894325e+09
  +2.15537688442211055756e+09
  +2.17542713567839193344e+09
  +2.19547738693467330933e+09
  +2.21552763819095468521e+09
  +2.23557788944723606110e+09
  +2.25562814070351743698e+09
  +2.27567839195979881287e+09
  +2.29572864321608018875e+09
  +2.31577889447236156464e+09
  +2.33582914572864294052e+09
  +2.35587939698492431641e+09
  +2.37592964824120569229e+09
  +2.39597989949748706818e+09
  +2.41603015075376892090e+09
  +2.43608040201005029678e+09
  +2.45613065326633167267e+09
  +2.47618090452261304855e+09
  +2.49623115577889442444e+09
  +2.51628140703517580032e+09
  +2.53633165829145717621e+09
  +2.55638190954773855209e+09
  +2.57643216080401992798e+09
  +2.59648241206030130386e+09
  +2.61653266331658267975e+09
  +2.63658291457286405563e+09
  +2.65663316582914543152e+09
  +2.67668341708542680740e+09
  +2.69673366834170818329e+09
  +2.71678391959798955917e+09
  +2.73683417085427093506e+09
  +2.75688442211055278778e+09
  +2.77693467336683416367e+09
  +2.79698492462311553955e+09
  +2.81703517587939691544e+09
  +2.83708542713567829132e+09
  +2.85713567839195966721e+09
  +2.87718592964824104309e+09
  +2.89723618090452241898e+09
  +2.91728643216080379486e+09
  +2.93733668341708517075e+09
  +2.95738693467336654663e+09
  +2.97743718592964792252e+09
  +2.99748743718592929840e+09
  +3.01753768844221067429e+09
  +3.03758793969849205017e+09
  +3.05763819095477390289e+09
  +3.07768844221105527878e+09
  +3.09773869346733665466e+09
  +3.11778894472361803055e+09
  +3.13783919597989940643e+09
  +3.15788944723618078232e+09
  +3.17793969849246215820e+09
  +3.19798994974874353409e+09
  +3.21804020100502490997e+09
  +3.23809045226130628586e+09
  +3.25814070351758766174e+09
  +3.27819095477386903763e+09
  +3.29824120603015041351e+09
  +3.31829145728643178940e+09
  +3.33834170854271316528e+09
  +3.35839195979899454117e+09
  +3.37844221105527591705e+09
  +3.39849246231155776978e+09
  +3.41854271356783914566e+09
  +3.43859296482412052155e+09
  +3.45864321608040189743e+09
  +3.47869346733668327332e+09
  +3.49874371859296464920e+09
  +3.51879396984924602509e+09
  +3.53884422110552740097e+09
  +3.55889447236180877686e+09
  +3.57894472361809015274e+09
  +3.59899497487437152863e+09
  +3.61904522613065290451e+09
  +3.63909547738693428040e+09
  +3.65914572864321565628e+09
  +3.67919597989949703217e+09
  +3.69924623115577888489e+09
  +3.71929648241206026077e+09
  +3.73934673366834163666e+09
  +3.75939698492462301254e+09
  +3.77944723618090438843e+09
  +3.79949748743718576431e+09
  +3.81954773869346714020e+09
  +3.83959798994974851608e+09
  +3.85964824120602989197e+09
  +3.87969849246231126785e+09
  +3.89974874371859264374e+09
  +3.91979899497487401962e+09
  +3.93984924623115539551e+09
  +3.95989949748743677139e+09
  +3.97994974874371814728e+09
  +3.99999999999999952316e+09
</indep>
<dep dBS11 frequency>
  +1.59130759753793427080e-01
  +1.86312618527214757247e-01
  +2.72583434990881556814e-01
  +3.79319532106234758029e-01
  +5.12090661054554807663e-01
  +6.73313882886476644529e-01
  +8.64087947722648186399e-01
  +1.08407612336480951853e+00
  +1.33067109564383523335e+00
  +1.59756304889859124252e+00
  +1.87269272325452806882e+00
  +2.13577802900914948125e+00
  +2.35624452251668436986e+00
  +2.49353128349788200069e+00
  +2.50269331772360192900e+00
  +2.28622504790277769615e+00
  +1.83266195125129516263e+00
  +1.21600682952273819737e+00
  +4.84227650137579790357e-01
  -3.06563224054097582805e-01
  -1.15371933958462946634e+00
  -2.01088414390312353319e+00
  -2.81281912996715721675e+00
  -3.54379996446935852106e+00
  -4.19563190685331299790e+00
  -4.78993838780454606052e+00
  -5.32529489133685274282e+00
  -5.78719326139688572397e+00
  -6.18094393175530942841e+00
  -6.51269980120687907998e+00
  -6.81036142783737474815e+00
  -7.07584296285137615001e+00
  -7.29958473211331515529e+00
  -7.48717908475826376957e+00
  -7.64358524210969303425e+00
  -7.77727708798842343185e+00
  -7.89142881879185509320e+00
  -7.98681355793868696935e+00
  -8.06645772898890456304e+00
  -8.13284825131702504564e+00
  -8.18546645111128690075e+00
  -8.22729121049544964706e+00
  -8.26174143966468221834e+00
  -8.29013143124097950931e+00
  -8.31348475514932339081e+00
  -8.33214940807441273307e+00
  -8.34771572902018554885e+00
  -8.36130135052350453861e+00
  -8.37342476173956029584e+00
  -8.38446859444708536557e+00
  -8.38950644386052957202e+00
  -8.39118046951770146791e+00
  -8.39295377152352273242e+00
  -8.39501448493628465997e+00
  -8.39748468877683151845e+00
  -8.39389189738509600147e+00
  -8.38737253764996459893e+00
  -8.38180928562907290313e+00
  -8.37726015581893257433e+00
  -8.37374929889901586932e+00
  -8.36473366421447472874e+00
  -8.35347068004630699534e+00
  -8.34354679472287230624e+00
  -8.33493911235946072225e+00
  -8.32760505148042717849e+00
  -8.31453624793280710037e+00
  -8.29924800048736877045e+00
  -8.28530123315681699125e+00
  -8.27265983889619604952e+00
  -8.26127693966605747278e+00
  -8.24610177430808022336e+00
  -8.22990602171489982197e+00
  -8.21511528565448401196e+00
  -8.20168956814495331287e+00
  -8.18958263358983273861e+00
  -8.17313736651450639670e+00
  -8.15546820807619354810e+00
  -8.13911364113532975750e+00
  -8.12403056272735923926e+00
  -8.11017200731649801071e+00
  -8.09389379163337352452e+00
  -8.07735739186666101830e+00
  -8.06210115479080258183e+00
  -8.04808822726604233821e+00
  -8.03527959044780182296e+00
  -8.01546723839003405487e+00
  -7.99340937830714892698e+00
  -7.97235935055414302042e+00
  -7.95227176405469471376e+00
  -7.93309945974116104139e+00
  -7.91542610741954888454e+00
  -7.89900257400876704139e+00
  -7.88358457240052068471e+00
  -7.86913841719220741311e+00
  -7.85562929736386106327e+00
  -7.83728768278984055939e+00
  -7.81777944053402684688e+00
  -7.79912598423859293462e+00
  -7.78129864110783309172e+00
  -7.76426802563931772738e+00
  -7.74382567239214658628e+00
  -7.72274833792165882329e+00
  -7.70240805979388820646e+00
  -7.68277522798981493679e+00
  -7.66381959042080396216e+00
  -7.64244377112798467522e+00
  -7.62080253887880054720e+00
  -7.59983950903122718046e+00
  -7.57952969720651736907e+00
  -7.55984771869737137706e+00
  -7.53969046946983745272e+00
  -7.51983240248435524933e+00
  -7.50056888934426257975e+00
  -7.48187669298798496698e+00
  -7.46373213859593764852e+00
  -7.44288638849926798002e+00
  -7.42175850372291279200e+00
  -7.40121177111115446934e+00
  -7.38122567799254536425e+00
  -7.36177942747393743161e+00
  -7.33971400979840638001e+00
  -7.31739365493377214023e+00
  -7.29559129198540912142e+00
  -7.27428918724458561940e+00
  -7.25346944879655897154e+00
  -7.22984731167581973210e+00
  -7.20592239455844207896e+00
  -7.18243450867999833065e+00
  -7.15936648489030691422e+00
  -7.13670100872940249559e+00
  -7.11226479685587875679e+00
  -7.08774443677590859636e+00
  -7.06358157378423001660e+00
  -7.03975831622597425508e+00
  -7.01625657036085037532e+00
  -6.99395709603521353870e+00
  -6.97219688232673018291e+00
  -6.95079384581847747882e+00
  -6.92973394376900486691e+00
  -6.90900298683203661909e+00
  -6.88551664047037181859e+00
  -6.86181547585842377401e+00
  -6.83843219962427895098e+00
  -6.81535383295087804356e+00
  -6.79256728210701066217e+00
  -6.76917979328049135290e+00
  -6.74595087529044157293e+00
  -6.72301164251199878663e+00
  -6.70035004494164709854e+00
  -6.67795392054238678980e+00
  -6.65436427116254591851e+00
  -6.63082563439947492157e+00
  -6.60753498451600584929e+00
  -6.58448080066076446570e+00
  -6.56165144247812914813e+00
  -6.53773611042173374841e+00
  -6.51390388408971432455e+00
  -6.49031248699796670110e+00
  -6.46695168697431821414e+00
  -6.44381115998006048784e+00
  -6.42021825605877438647e+00
  -6.39677958647472788556e+00
  -6.37356135900352960277e+00
  -6.35055446401145573532e+00
  -6.32774971248369411114e+00
  -6.30385242090734720932e+00
  -6.28004798690701004915e+00
  -6.25645352345252270254e+00
  -6.23306103171228453874e+00
  -6.20986245882121323802e+00
  -6.18525860939544003259e+00
  -6.16069682584937350356e+00
  -6.13629819887177418991e+00
  -6.11205464894824945787e+00
  -6.08795802740865177327e+00
  -6.06408329714373017794e+00
  -6.04037360496512754082e+00
  -6.01681702394742146112e+00
  -5.99340620311525817954e+00
  -5.97013371784999513636e+00
  -5.94589177851372951977e+00
  -5.92174732705869466542e+00
  -5.89775273329182958548e+00
  -5.87390143992621549529e+00
  -5.85018683110259285485e+00
  -5.82409059100573056611e+00
  -5.79802883055444695515e+00
  -5.77209324785113420120e+00
  -5.74627720017551091303e+00
  -5.72057398586891707737e+00
  -5.69461353079321064286e+00
  -5.66876326353584847340e+00
  -5.64302630949632089141e+00
  -5.61739614003077925020e+00
  -5.59186616070286568458e+00
  -5.56630460342494171044e+00
  -5.54084313201001155136e+00
  -5.51547720610959668619e+00
  -5.49020053969397814342e+00
  -5.46500677500794918018e+00
</dep>
<dep dBS21 frequency>
  +8.12132963264780372015e+00
  +7.88190031075471253530e+00
  +1.06245074848975384896e+01
  +1.30745024174115709314e+01
  +1.51634918107846417001e+01
  +1.69822833052757324879e+01
  +1.86081968445755983055e+01
  +2.00946035242496705564e+01
  +2.14757813321583128641e+01
  +2.27707853517439318125e+01
  +2.39849727459851607136e+01
  +2.51098181444273933494e+01
  +2.61223217529960649586e+01
  +2.69863034631299569810e+01
  +2.76587119087480992619e+01
  +2.80668925513829883300e+01
  +2.82008098783988501168e+01
  +2.81122270908402853706e+01
  +2.78457091571506154537e+01
  +2.74537166547137942985e+01
  +2.69683975211460378318e+01
  +2.64340173490759546837e+01
  +2.58886781411321891255e+01
  +2.53473678566016324964e+01
  +2.48191070252040688615e+01
  +2.43120125242856808256e+01
  +2.38271011596204189686e+01
  +2.33623662271919876332e+01
  +2.29175923915989656621e+01
  +2.24921800010141623716e+01
  +2.20886536752784792270e+01
  +2.17040865080438294399e+01
  +2.13347060122178859842e+01
  +2.09795699380791802469e+01
  +2.06378227183667206646e+01
  +2.03145033076099394975e+01
  +2.00062135199614168357e+01
  +1.97079260563866611733e+01
  +1.94190343089096160156e+01
  +1.91390047137672567601e+01
  +1.88709918174292710091e+01
  +1.86128178186957669027e+01
  +1.83615209051937178231e+01
  +1.81167491170994310323e+01
  +1.78781950024318945225e+01
  +1.76492761141174625550e+01
  +1.74278544763611833446e+01
  +1.72112125478587216776e+01
  +1.69991305567652482011e+01
  +1.67914147694305846414e+01
  +1.65922503233641478460e+01
  +1.63994694392338935529e+01
  +1.62102312839318365434e+01
  +1.60243986388773329566e+01
  +1.58418500203654115666e+01
  +1.56664491175514051235e+01
  +1.54961855405835429167e+01
  +1.53286475314120487212e+01
  +1.51637453216909090514e+01
  +1.50013989894118910939e+01
  +1.48428341825193008674e+01
  +1.46872606674835814999e+01
  +1.45338859524453063443e+01
  +1.43826525961940845377e+01
  +1.42335103854669107193e+01
  +1.40903416278299999931e+01
  +1.39510530889763941786e+01
  +1.38135661327978542801e+01
  +1.36778410068564788560e+01
  +1.35438426853935229843e+01
  +1.34131267059426910748e+01
  +1.32847081329070331179e+01
  +1.31577618571116801149e+01
  +1.30322586570924432436e+01
  +1.29081726967697569819e+01
  +1.27873992418273481064e+01
  +1.26687968847299554653e+01
  +1.25514536826347864462e+01
  +1.24353491922895909028e+01
  +1.23204655085320684549e+01
  +1.22081141244214173014e+01
  +1.20974189588023435249e+01
  +1.19877727728512066818e+01
  +1.18791590777001605517e+01
  +1.17715632365158366923e+01
  +1.16675388532349444404e+01
  +1.15655666087671136211e+01
  +1.14646004214835439683e+01
  +1.13646317464974053735e+01
  +1.12656536123951749317e+01
  +1.11677242039032336152e+01
  +1.10706807707918208905e+01
  +1.09744714924739383832e+01
  +1.08790884536015592943e+01
  +1.07845249405063920989e+01
  +1.06931956998857753405e+01
  +1.06035046159871768623e+01
  +1.05145756914720873709e+01
  +1.04264033756822307453e+01
  +1.03389830197336110018e+01
  +1.02532402830221229806e+01
  +1.01685353314471313979e+01
  +1.00845513656258098933e+01
  +1.00012857427774797259e+01
  +9.91873662251665777490e+00
  +9.83778721130752309421e+00
  +9.75777097330749043635e+00
  +9.67840128454547432568e+00
  +9.59967612108637524670e+00
  +9.52159409294993253070e+00
  +9.44445177319835060814e+00
  +9.36801107893375117897e+00
  +9.29218116318765297024e+00
  +9.21696171530237151615e+00
  +9.14235300617525403766e+00
  +9.06849221890871604046e+00
  +8.99522695155906149012e+00
  +8.92251354847203081988e+00
  +8.85035206439735588901e+00
  +8.77874304848794650979e+00
  +8.70876522560098464965e+00
  +8.63956870250497743768e+00
  +8.57087814586723517607e+00
  +8.50269362337137479813e+00
  +8.43501559030829284325e+00
  +8.36884454113175735301e+00
  +8.30339650424387443195e+00
  +8.23843890443182225169e+00
  +8.17397259435921341719e+00
  +8.10999876507170469608e+00
  +8.04689472679442197034e+00
  +7.98436097426908375496e+00
  +7.92231884560151922159e+00
  +7.86077047188594946192e+00
  +7.79971831779951152441e+00
  +7.73875482148785032166e+00
  +7.67815568982659257813e+00
  +7.61799723967984476758e+00
  +7.55828123670134921497e+00
  +7.49900972820421429788e+00
  +7.44084930469042404866e+00
  +7.38322964467822018264e+00
  +7.32603283037071051353e+00
  +7.26926082756701497090e+00
  +7.21291584372736682695e+00
  +7.15694420942723308343e+00
  +7.10136896650571447509e+00
  +7.04619917767480341553e+00
  +6.99143709750584907425e+00
  +6.93708520497355873857e+00
  +6.88342029464211435652e+00
  +6.83019154612003820404e+00
  +6.77736086921342550937e+00
  +6.72493088225826962656e+00
  +6.67290441214514018498e+00
  +6.62113256735421096266e+00
  +6.56971590421380646774e+00
  +6.51867402442052235045e+00
  +6.46800946914314867087e+00
  +6.41772496512135859348e+00
  +6.36785567933414231589e+00
  +6.31834664967028203364e+00
  +6.26919510247768574374e+00
  +6.22040354084458968487e+00
  +6.17197463255918954417e+00
  +6.12395381656152704153e+00
  +6.07627222001408817675e+00
  +6.02892638357746957212e+00
  +5.98191858469147685895e+00
  +5.93525124171432771902e+00
  +5.88955068995335917492e+00
  +5.84423954729796779617e+00
  +5.79926928992549228781e+00
  +5.75464250262487553300e+00
  +5.71036190221034711811e+00
  +5.66611445089902510119e+00
  +5.62217654864247595725e+00
  +5.57857124679386195965e+00
  +5.53530128578466840139e+00
  +5.49236953186771970081e+00
  +5.44959668682974118781e+00
  +5.40712885995765013547e+00
  +5.36497740214865270758e+00
  +5.32314490539081930365e+00
  +5.28163407328877543279e+00
  +5.24085289161109990630e+00
  +5.20040199167647099188e+00
  +5.16026790444793448387e+00
  +5.12045333259489865441e+00
  +5.08096108201951590644e+00
  +5.04146442028525765267e+00
  +5.00227493571802561689e+00
  +4.96340381332073654619e+00
  +4.92485402609793432305e+00
  +4.88662865286317416036e+00
  +4.84863015060097701792e+00
  +4.81094639331913143110e+00
  +4.77358158550550726318e+00
  +4.73653884656785173490e+00
  +4.69982139838714374491e+00
</dep>
<dep dBS12 frequency>
  -3.79824217034879083599e+01
  -4.05040766768750444271e+01
  -3.99982782519119979270e+01
  -3.91808159390333869965e+01
  -3.82570393228084526527e+01
  -3.73040797387010982789e+01
  -3.63645741159114663787e+01
  -3.54651229354741630573e+01
  -3.46252915668470180321e+01
  -3.38637693570343145666e+01
  -3.32032263583436417775e+01
  -3.26743506729417561019e+01
  -3.23185005562874820839e+01
  -3.21868368379977312088e+01
  -3.23321855276461604944e+01
  -3.28625263740109829769e+01
  -3.37407475803540037873e+01
  -3.48002785544252120076e+01
  -3.58259563097740212356e+01
  -3.65074305571659678549e+01
  -3.66472347851061783786e+01
  -3.62397682595780139536e+01
  -3.54740412118555497045e+01
  -3.45749471835843351641e+01
  -3.36703973440208557122e+01
  -3.28424136530312011928e+01
  -3.20961838766441900361e+01
  -3.14086482956466852556e+01
  -3.07745235219283976846e+01
  -3.01871036122252078826e+01
  -2.96569670012637907064e+01
  -2.91723573734069177021e+01
  -2.87153560112800967374e+01
  -2.82819574520726249034e+01
  -2.78688569309874978330e+01
  -2.74939218501845843434e+01
  -2.71481768516125541169e+01
  -2.68150013892419067929e+01
  -2.64927790338961486327e+01
  -2.61801641408769150132e+01
  -2.58901021315578674376e+01
  -2.56165820582862764354e+01
  -2.53492460274466040460e+01
  -2.50873791812119470990e+01
  -2.48303729748773989172e+01
  -2.45867606814895047762e+01
  -2.43528218766891377811e+01
  -2.41223746638832139411e+01
  -2.38950297994038223237e+01
  -2.36704474777780085049e+01
  -2.34602877123082507183e+01
  -2.32595422888449192556e+01
  -2.30607606985950788214e+01
  -2.28637191467786067278e+01
  -2.26682185625798808815e+01
  -2.24849367251117371325e+01
  -2.23092174641313292227e+01
  -2.21347419514846492916e+01
  -2.19613656819390179464e+01
  -2.17889579800207897620e+01
  -2.16230382887128627090e+01
  -2.14608312702809591599e+01
  -2.12991703883618512805e+01
  -2.11379611360484318539e+01
  -2.09771169623469404542e+01
  -2.08264396615559803649e+01
  -2.06812813632562821908e+01
  -2.05365655141793759242e+01
  -2.03922213288587030888e+01
  -2.02481831360835151656e+01
  -2.01113957483751271127e+01
  -1.99782474571212986802e+01
  -1.98453071771017555136e+01
  -1.97125197513509533565e+01
  -1.95798332882798611365e+01
  -1.94531768402827900388e+01
  -1.93293575687272252139e+01
  -1.92056222644721223958e+01
  -1.90819276918717335434e+01
  -1.89582328014748036082e+01
  -1.88395041654963399935e+01
  -1.87229566256570372218e+01
  -1.86064176068046478463e+01
  -1.84898502240827298237e+01
  -1.83732190506168997501e+01
  -1.82617773185874625597e+01
  -1.81524530733334366062e+01
  -1.80430943960070102605e+01
  -1.79336737485510724355e+01
  -1.78241646860632130256e+01
  -1.77145804645942064326e+01
  -1.76049777829173024202e+01
  -1.74953315839808958287e+01
  -1.73856151640171034956e+01
  -1.72758025624794555597e+01
  -1.71750992341714834311e+01
  -1.70776776199235129639e+01
  -1.69802387997712678214e+01
  -1.68827614817460833763e+01
  -1.67852249583750676720e+01
  -1.66904730045266589400e+01
  -1.65966115255784210092e+01
  -1.65026688383773709745e+01
  -1.64086270886708334160e+01
  -1.63144688489310105695e+01
  -1.62248874596598327003e+01
  -1.61367061274441105923e+01
  -1.60484473299907790533e+01
  -1.59600953172272497227e+01
  -1.58716346565383421563e+01
  -1.57834180358049636084e+01
  -1.56951885982728871483e+01
  -1.56068272194516630691e+01
  -1.55183197856555477046e+01
  -1.54296524018103617948e+01
  -1.53448081570999210754e+01
  -1.52609115080379389440e+01
  -1.51768734148646107229e+01
  -1.50926806288501644815e+01
  -1.50083200493951522958e+01
  -1.49286173879878951709e+01
  -1.48500416813876690014e+01
  -1.47713793852878829682e+01
  -1.46926186733199841683e+01
  -1.46137478480844844597e+01
  -1.45379091507840669806e+01
  -1.44627120282462975354e+01
  -1.43874206354579214917e+01
  -1.43120247151873840608e+01
  -1.42365141120686793386e+01
  -1.41593314007088810769e+01
  -1.40817138492539477568e+01
  -1.40039836663423358232e+01
  -1.39261311170105521740e+01
  -1.38481465359892013112e+01
  -1.37731673625317263543e+01
  -1.36986870542040168885e+01
  -1.36240871594187336058e+01
  -1.35493583922522233820e+01
  -1.34744915025568055000e+01
  -1.34035925456833062697e+01
  -1.33333150862833349493e+01
  -1.32629265036410171064e+01
  -1.31924185869962418138e+01
  -1.31217831551520944799e+01
  -1.30523206583004292014e+01
  -1.29829551345937428408e+01
  -1.29134717278617134895e+01
  -1.28438624935824012852e+01
  -1.27741194979350964900e+01
  -1.27055103146590564478e+01
  -1.26369595665534575346e+01
  -1.25682787579119210619e+01
  -1.24994604593734059961e+01
  -1.24304972387743379869e+01
  -1.23640357963911373673e+01
  -1.22978010265636079623e+01
  -1.22314512840924081161e+01
  -1.21649793854555099415e+01
  -1.20983781378420385266e+01
  -1.20342378795219282495e+01
  -1.19702823292639912722e+01
  -1.19062173799046693290e+01
  -1.18420362890582886450e+01
  -1.17777323004955007946e+01
  -1.17167418897665172040e+01
  -1.16559905302036508346e+01
  -1.15951429334071338673e+01
  -1.15341928600315775100e+01
  -1.14731340565035964119e+01
  -1.14127399556663675639e+01
  -1.13523079417480197151e+01
  -1.12917696579275261826e+01
  -1.12311193557353412587e+01
  -1.11703512683402195194e+01
  -1.11119398888381226698e+01
  -1.10535846166992755002e+01
  -1.09951147673320903664e+01
  -1.09365247982841751195e+01
  -1.08778091432230450408e+01
  -1.08226235109103452459e+01
  -1.07675217692043450057e+01
  -1.07123062777452755512e+01
  -1.06569718817361902552e+01
  -1.06015134018042331832e+01
  -1.05475867414815809298e+01
  -1.04936191690742592897e+01
  -1.04395414977363891751e+01
  -1.03853488602573840183e+01
  -1.03310363652471330909e+01
  -1.02754258381787018095e+01
  -1.02196768832946425221e+01
  -1.01638148591396912934e+01
  -1.01078346591159462520e+01
  -1.00517311434483342936e+01
  -9.99624434403229678026e+00
  -9.94065801947657945448e+00
  -9.88495785250988134862e+00
  -9.82913879369966814181e+00
  -9.77319575749038449430e+00
</dep>
<dep dBS22 frequency>
  -2.67437639465158927266e+00
  -3.02815285615096241312e-01
  -2.04308871127038965687e-01
  -1.63253376210771683485e-01
  -1.33453042049563791460e-01
  -1.08123373269778944028e-01
  -8.77929220721455627618e-02
  -7.66584176438757647354e-02
  -8.26806569764641230424e-02
  -1.18889884415930138784e-01
  -2.05456543500545901759e-01
  -3.72175843418605545310e-01
  -6.60386373700742490556e-01
  -1.12208977638633200513e+00
  -1.81280954771314761764e+00
  -2.81704115970909896305e+00
  -4.14187836309896617593e+00
  -5.69917771466536393632e+00
  -7.35684993899385908378e+00
  -8.88949289930982722296e+00
  -1.00321924235220460986e+01
  -1.05795395268169851732e+01
  -1.05643084345984732408e+01
  -1.02064360255937884858e+01
  -9.71029168228132633089e+00
  -9.20196055766400000664e+00
  -8.72977984650184879456e+00
  -8.30587226024852576245e+00
  -7.93306331800367736662e+00
  -7.60771310478706119795e+00
  -7.32243329845595525285e+00
  -7.07248903035415565910e+00
  -6.85417182809594738302e+00
  -6.66293236343796468901e+00
  -6.49480014620149948001e+00
  -6.33943674739484119840e+00
  -6.19712980835469995355e+00
  -6.07059943224883991064e+00
  -5.95774236673439983036e+00
  -5.85674664989814175442e+00
  -5.76370267932760960150e+00
  -5.67858694433834632065e+00
  -5.60197249887624693088e+00
  -5.53286805937515957510e+00
  -5.47039279500189223882e+00
  -5.40984725243981401377e+00
  -5.35262650580074783591e+00
  -5.30079036790896829245e+00
  -5.25381597282120971215e+00
  -5.21122793275832574267e+00
  -5.16810042222053933614e+00
  -5.12615581573030887341e+00
  -5.08783610225577120900e+00
  -5.05283106879010190937e+00
  -5.02085319317311284948e+00
  -4.98659625368324377348e+00
  -4.95222822442665666642e+00
  -4.92046309287771865826e+00
  -4.89109838108467442908e+00
  -4.86394389187259879037e+00
  -4.83991397621246743910e+00
  -4.81841035007416351732e+00
  -4.79871159474016018009e+00
  -4.78068039277570377976e+00
  -4.76418467315461491296e+00
  -4.74327186770627307055e+00
  -4.72085449522188227434e+00
  -4.69984274264849588576e+00
  -4.68013527794761863277e+00
  -4.66163429716431032546e+00
  -4.64278396210232280339e+00
  -4.62442063983731976862e+00
  -4.60720705499459004528e+00
  -4.59107009581431491085e+00
  -4.57593872407604873587e+00
  -4.55988044216360677297e+00
  -4.54392479564649320878e+00
  -4.52887840712721256864e+00
  -4.51468458130758509839e+00
  -4.50128780252459037570e+00
  -4.48717874149081286106e+00
  -4.47326231658307715833e+00
  -4.46014301404632806936e+00
  -4.44777864132614020320e+00
  -4.43612782744504396959e+00
  -4.42215089012337969621e+00
  -4.40752238541547214368e+00
  -4.39340450247786318272e+00
  -4.37975715242664431770e+00
  -4.36654051773565576866e+00
  -4.35490886969008972329e+00
  -4.34424606946188784917e+00
  -4.33409378524580279901e+00
  -4.32442329068036102058e+00
  -4.31520602888213744563e+00
  -4.30198450935049958588e+00
  -4.28761923127101507447e+00
  -4.27367210450825130152e+00
  -4.26011740462228072346e+00
  -4.24692962346780422678e+00
  -4.23354462640959994246e+00
  -4.22029482709266190454e+00
  -4.20733653548793018473e+00
  -4.19464619219420864482e+00
  -4.18220024813502799788e+00
  -4.16893314024653527383e+00
  -4.15561168711704276291e+00
  -4.14255155044470502190e+00
  -4.12973313584694778910e+00
  -4.11713687129707395229e+00
  -4.10568998747382352121e+00
  -4.09471676890484559408e+00
  -4.08392550416540522917e+00
  -4.07329842516503948247e+00
  -4.06281765283332685357e+00
  -4.05261788696854985403e+00
  -4.04264215587078190595e+00
  -4.03284276747006664721e+00
  -4.02320488812668486389e+00
  -4.01371357720433685756e+00
  -4.00183479339602943270e+00
  -3.98949232080599269779e+00
  -3.97731050892849369305e+00
  -3.96527635791020038880e+00
  -3.95337682774854259904e+00
  -3.94005507803989685200e+00
  -3.92648785606682171334e+00
  -3.91302040353664004613e+00
  -3.89964025667143143750e+00
  -3.88633489324046843549e+00
  -3.87373864618401952953e+00
  -3.86131621154132265161e+00
  -3.84891637812703546473e+00
  -3.83652677087559990099e+00
  -3.82413487763033721478e+00
  -3.81288839020708714145e+00
  -3.80191984860932974399e+00
  -3.79100031748377119811e+00
  -3.78011965645679204329e+00
  -3.76926761875118865319e+00
  -3.75758675701525035606e+00
  -3.74578833536604616228e+00
  -3.73401494037981862562e+00
  -3.72225721445804280663e+00
  -3.71050570622899567041e+00
  -3.69908917149215588083e+00
  -3.68774359121709061071e+00
  -3.67640847454825125951e+00
  -3.66507517361278623014e+00
  -3.65373493979057561987e+00
  -3.64244613288567720133e+00
  -3.63115536130864313691e+00
  -3.61984565345026076955e+00
  -3.60850872138204081807e+00
  -3.59713616583934259197e+00
  -3.58570142018069137890e+00
  -3.57425478306837440812e+00
  -3.56279377007321995663e+00
  -3.55131098665589473029e+00
  -3.53979894264044148144e+00
  -3.52813838729760531621e+00
  -3.51645313586843188958e+00
  -3.50475064660673618633e+00
  -3.49302419285803278370e+00
  -3.48126696474679375726e+00
  -3.46892774627732780601e+00
  -3.45652583275037628141e+00
  -3.44410914261114031731e+00
  -3.43167165519654604466e+00
  -3.41920728587770117457e+00
  -3.40651432864213887797e+00
  -3.39376138168738439305e+00
  -3.38095820301220673088e+00
  -3.36809878086483438508e+00
  -3.35517703060811189886e+00
  -3.34284026740379669462e+00
  -3.33050168876460439549e+00
  -3.31811297907957580833e+00
  -3.30566850560166791695e+00
  -3.29316256273990193293e+00
  -3.28022087508264048594e+00
  -3.26721668167811740702e+00
  -3.25416508155442674166e+00
  -3.24106091146745489695e+00
  -3.22789894696862944556e+00
  -3.21372898241829130228e+00
  -3.19945864016917891348e+00
  -3.18511986430114690805e+00
  -3.17070753909873292997e+00
  -3.15621648762004936017e+00
  -3.14276688243378021781e+00
  -3.12926918808475384992e+00
  -3.11568970757166496810e+00
  -3.10202345485691921567e+00
  -3.08826537252063726413e+00
  -3.07510651277469815312e+00
  -3.06186924601549126379e+00
  -3.04854006637842678273e+00
  -3.03511414014047531396e+00
  -3.02158655988760171951e+00
</dep>
<dep S[1,1] frequency>
  +1.01722768035778754481e+00-j5.06815709886291876352e-02
  +1.02099069601324266010e+00-j3.75709146186430364978e-02
  +1.03078051410338522587e+00-j4.76209213834199451831e-02
  +1.04273945226444730849e+00-j6.29585087155712375129e-02
  +1.05744717957831380062e+00-j8.33783130946735701050e-02
  +1.07501459317066272448e+00-j1.09744772400463014295e-01
  +1.09524701761749865270e+00-j1.43427772189924418456e-01
  +1.11751580760969870809e+00-j1.86260876859005108930e-01
  +1.14046835353533326796e+00-j2.40531269131828789876e-01
  +1.16156866121407964521e+00-j3.08848127351430634668e-01
  +1.17648370444037753124e+00-j3.93693687531575631233e-01
  +1.17849219880914168890e+00-j4.96369025413569031624e-01
  +1.15847128332987736599e+00-j6.15080931053002544218e-01
  +1.10652372754666283861e+00-j7.42453982220702468631e-01
  +1.01619577281775153033e+00-j8.64134665393620160501e-01
  +8.85069389240188186818e-01-j9.53686464721347326723e-01
  +7.31754684134302557652e-01-j9.94747340082741793310e-01
  +5.82590766175774987801e-01-j9.91822772961646781376e-01
  +4.53973508884382759287e-01-j9.54913107873377908774e-01
  +3.53055373035944419779e-01-j8.98441372597847398573e-01
  +2.81153561595142154061e-01-j8.29251029394876715273e-01
  +2.33260285620247531657e-01-j7.58266232362937109279e-01
  +2.01876074597754417983e-01-j6.94627031815910789270e-01
  +1.81971877739118631512e-01-j6.39599502858587132259e-01
  +1.69768421600194563403e-01-j5.93085712728201985833e-01
  +1.64665678081497429686e-01-j5.52072803664321765105e-01
  +1.64026061736962436299e-01-j5.16238780109946171493e-01
  +1.64935575521090976858e-01-j4.86415284712996331962e-01
  +1.66613390897105612121e-01-j4.61712191353979783948e-01
  +1.68549224907456662859e-01-j4.41372375332508282142e-01
  +1.71893148556365588098e-01-j4.22947380882409351699e-01
  +1.75926145291941476989e-01-j4.06352122910767221686e-01
  +1.79398205612186917302e-01-j3.92482870231407432460e-01
  +1.82244497341610606211e-01-j3.80973266942628563392e-01
  +1.84433445478303592591e-01-j3.71522643316529899149e-01
  +1.87575821943221116017e-01-j3.62828605628759681689e-01
  +1.91140092183774479295e-01-j3.54918116406767791826e-01
  +1.93986720437476611867e-01-j3.48339521809344188075e-01
  +1.96138613077152690334e-01-j3.42946278107601476570e-01
  +1.97620565616824922506e-01-j3.38615905888965895709e-01
  +1.99698376216695810959e-01-j3.34640166547444106726e-01
  +2.01966237970648082589e-01-j3.31085515871102853414e-01
  +2.03614942769651890986e-01-j3.28269020429507063508e-01
  +2.04669657742078292539e-01-j3.26125210944787413681e-01
  +2.05153899363114844423e-01-j3.24598472751019773153e-01
  +2.06086401475942204709e-01-j3.23029938013015771592e-01
  +2.07126483751363804631e-01-j3.21548229586367251276e-01
  +2.07660547607067536013e-01-j3.20491523456334193032e-01
  +2.07705896920382770965e-01-j3.19827201806860195177e-01
  +2.07278201884200291572e-01-j3.19527108752393373958e-01
  +2.07331816693676895813e-01-j3.19229022359935554753e-01
  +2.07524342558894958621e-01-j3.19016392097813739070e-01
  +2.07306247748343386306e-01-j3.19065515264366383885e-01
  +2.06688957283992003067e-01-j3.19358227696093677217e-01
  +2.05682737312546076724e-01-j3.19878615557557810511e-01
  +2.05195321036017563898e-01-j3.20378359340523499732e-01
  +2.04869341610142335908e-01-j3.20925871185942568342e-01
  +2.04204782684804714288e-01-j3.21638128370312803561e-01
  +2.03209423078427764420e-01-j3.22503846106498182067e-01
  +2.01890238851327369352e-01-j3.23512971600309173770e-01
  +2.00873996696935674944e-01-j3.24610758047652270264e-01
  +1.99887367383510261565e-01-j3.25800481993438084682e-01
  +1.98601930792000641590e-01-j3.27096954631811043246e-01
  +1.97022835633986481696e-01-j3.28493025791827486515e-01
  +1.95154638292329846161e-01-j3.29982305988139046349e-01
  +1.93768044815422785243e-01-j3.31467252727797534462e-01
  +1.92515358076791764930e-01-j3.32977911181321639678e-01
  +1.91013374340803759877e-01-j3.34553709250746567072e-01
  +1.89265880095519201110e-01-j3.36189450057835070851e-01
  +1.87276252693574313257e-01-j3.37880393803322243151e-01
  +1.85643782130560486276e-01-j3.39550164359582906659e-01
  +1.84075362754968524515e-01-j3.41223841729724308713e-01
  +1.82288209690879776659e-01-j3.42930409476272679559e-01
  +1.80285058754698190864e-01-j3.44665853670090338579e-01
  +1.78068334165325137253e-01-j3.46426449620882870306e-01
  +1.76146029485113708724e-01-j3.48235255323653625226e-01
  +1.74256766401412160894e-01-j3.50072374520242701745e-01
  +1.72174190549731348510e-01-j3.51921965553745663691e-01
  +1.69900351798944193593e-01-j3.53780866248019187914e-01
  +1.67437064485761871735e-01-j3.55646106900921188387e-01
  +1.65232509082906098286e-01-j3.57488178277052703891e-01
  +1.63046025234192870634e-01-j3.59314992021803947253e-01
  +1.60689449271702616828e-01-j3.61134402950551824940e-01
  +1.58164363821160613988e-01-j3.62943693837206204922e-01
  +1.55472168926597209548e-01-j3.64740267753977276399e-01
  +1.52998887894513879715e-01-j3.66765878471666861849e-01
  +1.50523318136721123706e-01-j3.68880397255658964983e-01
  +1.47892131022014511332e-01-j3.70984040133745585077e-01
  +1.45106587687081484139e-01-j3.73074757340435603226e-01
  +1.42167810182357717830e-01-j3.75150596697783278444e-01
  +1.39375236361651000383e-01-j3.77068308632964643845e-01
  +1.36555036461581791318e-01-j3.78907618642489008032e-01
  +1.33596282383700887264e-01-j3.80719336941613084591e-01
  +1.30499932805398594082e-01-j3.82501455071299178989e-01
  +1.27266832261346496402e-01-j3.84252021837481694266e-01
  +1.24406155587517275318e-01-j3.86086790078587205333e-01
  +1.21602600887351502967e-01-j3.87934883881947134565e-01
  +1.18677253925936782020e-01-j3.89753515211728518430e-01
  +1.15631093047127680995e-01-j3.91540961426756595198e-01
  +1.12465013580584999309e-01-j3.93295543196726993251e-01
  +1.09423563609824331389e-01-j3.95152792493604687607e-01
  +1.06348071465245275213e-01-j3.97022970158512122918e-01
  +1.03158272882293705619e-01-j3.98859121124730320318e-01
  +9.98549631048653574261e-02-j4.00659753427928200242e-01
  +9.64388669178018187456e-02-j4.02423409592360115106e-01
  +9.32525500336988666383e-02-j4.04220184152470629613e-01
  +9.00684119222245616054e-02-j4.06001668135635540580e-01
  +8.67813396265727232670e-02-j4.07744410172428128902e-01
  +8.33921058631997280663e-02-j4.09447040185369925958e-01
  +7.99014278448751252837e-02-j4.11108211956982938506e-01
  +7.64915825532483245608e-02-j4.12745927720241823078e-01
  +7.30373826775894546826e-02-j4.14346796390552774003e-01
  +6.94869711323775757217e-02-j4.15904086783978610420e-01
  +6.58409769448925624724e-02-j4.17416508306867939382e-01
  +6.20999803510724618372e-02-j4.18882787595077910048e-01
  +5.85515323423602823683e-02-j4.20420861283416935628e-01
  +5.49906546827911707487e-02-j4.21943964234295199045e-01
  +5.13407639840674501208e-02-j4.23418759023483692872e-01
  +4.76024880940268124707e-02-j4.24844017101990656382e-01
  +4.37764139717827932552e-02-j4.26218520423034097355e-01
  +4.01398003780793904971e-02-j4.27671004955491151911e-01
  +3.64916090110403573687e-02-j4.29106973576206585097e-01
  +3.27637658681761700930e-02-j4.30493174947029877409e-01
  +2.89569321981160698876e-02-j4.31828507327809474337e-01
  +2.50717381501699004831e-02-j4.33111876875455048541e-01
  +2.12979348722492217716e-02-j4.34496735330441419265e-01
  +1.74927770281513572659e-02-j4.35867419567968594762e-01
  +1.36133299921594869142e-02-j4.37187594832706194481e-01
  +9.66021135533644270676e-03-j4.38456278121857945251e-01
  +5.63401227823198680333e-03-j4.39672493675968167892e-01
  +1.58462278134562789544e-03-j4.40944526262743385914e-01
  -2.52661923320310344288e-03-j4.42186713077629189872e-01
  -6.70970385047252315669e-03-j4.43374995411368211240e-01
  -1.09641145014534036051e-02-j4.44508441197974502046e-01
  -1.52893601098736259258e-02-j4.45586123833231151359e-01
  -1.94367379336497780873e-02-j4.46571679297013746091e-01
  -2.36001100380278314161e-02-j4.47493811842069877382e-01
  -2.78267104603292236842e-02-j4.48358584456162168053e-01
  -3.21159730983313004837e-02-j4.49165068249838483894e-01
  -3.64673516850009052370e-02-j4.49912335828798637394e-01
  -4.06528113573364283106e-02-j4.50780636948640900385e-01
  -4.48576782862073475400e-02-j4.51624465424620036291e-01
  -4.91215220388045575861e-02-j4.52411269108340841072e-01
  -5.34437711682558963533e-02-j4.53140200263596193420e-01
  -5.78238707041026714362e-02-j4.53810413149863922655e-01
  -6.21489778025265601769e-02-j4.54483315598478487818e-01
  -6.65110760568424497219e-02-j4.55106935583234784026e-01
  -7.09274092065796668560e-02-j4.55670584120481336754e-01
  -7.53974127950571976209e-02-j4.56173440302419963555e-01
  -7.99205367886138273725e-02-j4.56614683502310381158e-01
  -8.43826998157055085947e-02-j4.57093193602363112582e-01
  -8.88797089099548770497e-02-j4.57525096662927066582e-01
  -9.34272156340507364813e-02-j4.57895480943876331814e-01
  -9.80246786255149077371e-02-j4.58203561814156556942e-01
  -1.02671569461009443147e-01-j4.58448554137273478482e-01
  -1.07197544159533766917e-01-j4.58741745164550684954e-01
  -1.11748334808694671505e-01-j4.58986759929169596539e-01
  -1.16344831689318417567e-01-j4.59168735588280751969e-01
  -1.20986463503666208386e-01-j4.59286922804761355010e-01
  -1.25672669408000897695e-01-j4.59340571123365626338e-01
  -1.30252053099820630511e-01-j4.59409566966585525272e-01
  -1.34856018493489104859e-01-j4.59424157739790617327e-01
  -1.39500666378668564116e-01-j4.59374792036363444048e-01
  -1.44185406753163852800e-01-j4.59260763808735261726e-01
  -1.48909657976498438492e-01-j4.59081365699954280224e-01
  -1.53503626291668915371e-01-j4.58968043550325055513e-01
  -1.58117873048828877502e-01-j4.58803949895623341959e-01
  -1.62767963643059898615e-01-j4.58575883779518633787e-01
  -1.67453280281048888511e-01-j4.58283201012785190720e-01
  -1.72173211559433853024e-01-j4.57925256585927420439e-01
  -1.76888965635646822072e-01-j4.57612513391812802954e-01
  -1.81635535357336064255e-01-j4.57244567659954914696e-01
  -1.86415453717102441722e-01-j4.56811867150478945199e-01
  -1.91228135359628986789e-01-j4.56313802721421524211e-01
  -1.96073001171560568068e-01-j4.55749764427147985302e-01
  -2.00805922702780248468e-01-j4.55177290701162140518e-01
  -2.05559224486809688504e-01-j4.54543427411137734850e-01
  -2.10341862523219985670e-01-j4.53843757643305201199e-01
  -2.15153235486472804716e-01-j4.53077688949789725292e-01
  -2.19992747166088881139e-01-j4.52244627754764705330e-01
  -2.24691881187934816566e-01-j4.51498955557570358366e-01
  -2.29408409000567636848e-01-j4.50696627365537838550e-01
  -2.34150553222773727402e-01-j4.49829008442928279798e-01
  -2.38917696453439021287e-01-j4.48895556660503458613e-01
  -2.43709225343122559693e-01-j4.47895729267475783963e-01
  -2.48481734361948841672e-01-j4.47021967788521434883e-01
  -2.53277223088360647907e-01-j4.46090637393231681518e-01
  -2.58096790685711674485e-01-j4.45093739221974094011e-01
  -2.62939840385353729157e-01-j4.44030768235533224164e-01
  -2.67805779667510068798e-01-j4.42901219162099790694e-01
  -2.72691178931319222478e-01-j4.41731857814630701764e-01
  -2.77597553439661082209e-01-j4.40495119592838269007e-01
  -2.82524354854722714592e-01-j4.39189787128711373043e-01
  -2.87470973602942880820e-01-j4.37815349075882986885e-01
  -2.92436803798357569661e-01-j4.36371292626703599637e-01
  -2.97367147689065691729e-01-j4.34903289485669808379e-01
  -3.02314096897567941014e-01-j4.33366314133880048409e-01
  -3.07277709162816270450e-01-j4.31759292422621010488e-01
  -3.12257363212375627093e-01-j4.30081727994583107311e-01
  -3.17252440936334312305e-01-j4.28333122688793532795e-01
</dep>
<dep S[1,2] frequency>
  -1.15297540790940331035e-02+j5.11828916061548601368e-03
  -5.03900563915877022780e-03+j7.97808839522641879971e-03
  -3.55164626837024604775e-03+j9.35015836008891258746e-03
  -2.20114520198483841484e-03+j1.07663203281994704352e-02
  -7.98679615694253665706e-04+j1.21960384335561208835e-02
  +7.06082306074115183432e-04+j1.36211350528359417117e-02
  +2.34367986460052440956e-03+j1.50156671016684808290e-02
  +4.13950436191800469343e-03+j1.63393781924449366105e-02
  +6.11310618175290448884e-03+j1.75314972361039107807e-02
  +8.26976201515976921952e-03+j1.85041634336627798529e-02
  +1.05829829251420943353e-02+j1.91383156043155450154e-02
  +1.29660582333461643634e-02+j1.92897436869403915427e-02
  +1.52370684042921217954e-02+j1.88194664049664978078e-02
  +1.70996339943774201819e-02+j1.76632723415452753957e-02
  +1.81850727779855024513e-02+j1.59310702283052968431e-02
  +1.81456722259237326900e-02+j1.37127822557543965765e-02
  +1.69262571660180119459e-02+j1.16660911225935619989e-02
  +1.48775963682216041256e-02+j1.04769752254437638339e-02
  +1.24645818760660692659e-02+j1.03001778701632424468e-02
  +1.00851431219521094074e-02+j1.10353656841277944500e-02
  +7.95589779275153799465e-03+j1.23738955024054395060e-02
  +6.22842039254675825660e-03+j1.41033149040523456130e-02
  +4.91519235238000763710e-03+j1.61049320022725699075e-02
  +3.95508232686623672353e-03+j1.82510314532712651647e-02
  +3.27888993513441532462e-03+j2.04632844450010516202e-02
  +2.85438136516161190467e-03+j2.26176830978543283446e-02
  +2.64410941374215681041e-03+j2.47011279954082278720e-02
  +2.58504949406847522181e-03+j2.67640115385123777969e-02
  +2.64129124518018522025e-03+j2.88041830916856526901e-02
  +2.78428629819953317448e-03+j3.08233743109340707633e-02
  +3.03815794627481641429e-03+j3.27560537378605229342e-02
  +3.39295772819890985653e-03+j3.46183337358972192943e-02
  +3.80451189999852926529e-03+j3.64654255553881964658e-02
  +4.26062018777436345152e-03+j3.83029133083310768804e-02
  +4.75109458310356974620e-03+j4.01361299358984000007e-02
  +5.30341522964465801604e-03+j4.18645879314067381749e-02
  +5.91093771719205379744e-03+j4.35131596704942946729e-02
  +6.54533603806647934498e-03+j4.51580592512495007651e-02
  +7.20162954997435877935e-03+j4.68036650636084114452e-02
  +7.87539612457113444299e-03+j4.84540244387824531325e-02
  +8.57945721743765508938e-03+j5.00265278137483268561e-02
  +9.31290421562197025251e-03+j5.15461199607166603576e-02
  +1.00637257831151828713e-02+j5.30721675809451773342e-02
  +1.08293844615087089117e-02+j5.46078152118345469535e-02
  +1.16074926045735635910e-02+j5.61560327697620473297e-02
  +1.24485454591858040602e-02+j5.76453684379373415547e-02
  +1.33407661813226014608e-02+j5.90970496745236578695e-02
  +1.42514501376628504453e-02+j6.05586965200673107979e-02
  +1.51792478050841606746e-02+j6.20327177303434257327e-02
  +1.61228521862594106895e-02+j6.35214558439875232043e-02
  +1.71015717532184453875e-02+j6.49261475901053708437e-02
  +1.81107710331764593104e-02+j6.62806753706593060338e-02
  +1.91383254361157696677e-02+j6.76458840123960597479e-02
  +2.01834808373212472310e-02+j6.90236532898088200882e-02
  +2.12454924983228356228e-02+j7.04158423878397388140e-02
  +2.23468772959674530365e-02+j7.17186775074278998199e-02
  +2.34795330706939892051e-02+j7.29702933962362715326e-02
  +2.46303013734608493290e-02+j7.42305174539611561935e-02
  +2.57987671444542647492e-02+j7.55008388777350519794e-02
  +2.69845175020340805050e-02+j7.67827449701861536324e-02
  +2.81655688380823936157e-02+j7.80282488917116712202e-02
  +2.93533345727094024946e-02+j7.92589272240812464654e-02
  +3.05596491536114581167e-02+j8.05023383560989624907e-02
  +3.17843003657232378578e-02+j8.17598575403018779095e-02
  +3.30270670568660745792e-02+j8.30328785030209903795e-02
  +3.42917895638815695136e-02+j8.42094251568052121204e-02
  +3.55769875261242735087e-02+j8.53371116791214467945e-02
  +3.68806340280535063791e-02+j8.64731413143990240711e-02
  +3.82026510394694249206e-02+j8.76185799846939811220e-02
  +3.95429581920243369830e-02+j8.87745093474359148189e-02
  +4.09103344796951998164e-02+j8.98504755860182746652e-02
  +4.23017754040094506873e-02+j9.08887920708938978898e-02
  +4.37133688278097190527e-02+j9.19334240362217752773e-02
  +4.51451832062104499443e-02+j9.29852699636619373091e-02
  +4.65972900043610666065e-02+j9.40452471599968892191e-02
  +4.80597353312221947652e-02+j9.50372058234460054260e-02
  +4.95379470556702311557e-02+j9.59990317973531126494e-02
  +5.10366063935375757765e-02+j9.69657414685570762103e-02
  +5.25558496872810948508e-02+j9.79381041627539333794e-02
  +5.40958179844347394893e-02+j9.89169080872843997643e-02
  +5.56611673588172720106e-02+j9.98250202679247938820e-02
  +5.72502924969758575369e-02+j1.00702111922881240580e-01
  +5.88616135759578024134e-02+j1.01581347206920580284e-01
  +6.04953631719210779827e-02+j1.02463345202219308083e-01
  +6.21517836087855726768e-02+j1.03348742293765408218e-01
  +6.37437976082224910801e-02+j1.04204435892105443107e-01
  +6.53201075644106038398e-02+j1.05050047104699145750e-01
  +6.69156647432560258704e-02+j1.05899654544277896373e-01
  +6.85306473208356636828e-02+j1.06753865728783522981e-01
  +7.01652373760760783572e-02+j1.07613305306834855513e-01
  +7.19020220774176932466e-02+j1.08423321377759201978e-01
  +7.36934714714430200155e-02+j1.09212516175273555152e-01
  +7.55090331008897858167e-02+j1.10001389898704046710e-01
  +7.73490076668441883800e-02+j1.10790397696892820023e-01
  +7.92137073466523539134e-02+j1.11580010640750806883e-01
  +8.10424842679662027489e-02+j1.12233187934875494607e-01
  +8.28701320562737625552e-02+j1.12833796477563141902e-01
  +8.47179308334506525613e-02+j1.13430552880120841253e-01
  +8.65861003120883543360e-02+j1.14023816618068915552e-01
  +8.84748693821624104805e-02+j1.14613957914325020893e-01
  +9.03409356810808972238e-02+j1.15174161969259183924e-01
  +9.22123053042836898774e-02+j1.15722007912720997735e-01
  +9.41035969037394837144e-02+j1.16266810445224716419e-01
  +9.60150480877241113697e-02+j1.16808925407248090367e-01
  +9.79469050263676033197e-02+j1.17348720262824265936e-01
  +9.98800172556098958543e-02+j1.17793200848381351964e-01
  +1.01826311473996414247e-01+j1.18202775943568622052e-01
  +1.03791848433238811933e-01+j1.18606333828247020867e-01
  +1.05776856251621600991e-01+j1.19004145275070014054e-01
  +1.07781572187957044862e-01+j1.19396489957579954311e-01
  +1.09821676026970418971e-01+j1.19760171307138243990e-01
  +1.11886907451375014477e-01+j1.20110378851772364728e-01
  +1.13973089515616840539e-01+j1.20453969382023351464e-01
  +1.16080496894003723507e-01+j1.20791185457652910928e-01
  +1.18209414727425909941e-01+j1.21122279021489087647e-01
  +1.20328445988420462687e-01+j1.21368170990580642732e-01
  +1.22459662845375058526e-01+j1.21583487949068660972e-01
  +1.24611751926895109044e-01+j1.21789460393941659233e-01
  +1.26784988470261567040e-01+j1.21986258050727117141e-01
  +1.28979658970980987087e-01+j1.22174057996369794798e-01
  +1.31137116751645965707e-01+j1.22269761496553608371e-01
  +1.33298230270508077933e-01+j1.22332894722148602384e-01
  +1.35477594016616409434e-01+j1.22384126208121016277e-01
  +1.37675423565123744574e-01+j1.22423579147252312160e-01
  +1.39891944308720428403e-01+j1.22451381829875624585e-01
  +1.42060471410913574664e-01+j1.22440989743054548522e-01
  +1.44230407816162670143e-01+j1.22412737043836900019e-01
  +1.46417209439061529741e-01+j1.22372891104945064056e-01
  +1.48621082205443177937e-01+j1.22321579052784817909e-01
  +1.50842240999336157925e-01+j1.22258933002465347561e-01
  +1.53097303429384740125e-01+j1.22220488812626024155e-01
  +1.55374377344370567799e-01+j1.22178033198555649474e-01
  +1.57670284983827818648e-01+j1.22124107909630588709e-01
  +1.59985270655479294710e-01+j1.22058837331905159496e-01
  +1.62319588497287392581e-01+j1.21982351922645587683e-01
  +1.64689912891513856597e-01+j1.21747807445665295889e-01
  +1.67081182298940783548e-01+j1.21469043681391150602e-01
  +1.69490235296388541686e-01+j1.21174295518001240435e-01
  +1.71917298511732680177e-01+j1.20863606015567101593e-01
  +1.74362609112780703180e-01+j1.20537021470937213974e-01
  +1.76747934922672017555e-01+j1.20129892665838747257e-01
  +1.79135001199358184776e-01+j1.19694338629639171478e-01
  +1.81537628585312110774e-01+j1.19241746756343650060e-01
  +1.83956006065840366182e-01+j1.18772150635889361947e-01
  +1.86390332043428086362e-01+j1.18285586489281821510e-01
  +1.88830074632789918221e-01+j1.17735952963972767549e-01
  +1.91283232099513866853e-01+j1.17160305600617728472e-01
  +1.93751613362198676915e-01+j1.16565898247373705976e-01
  +1.96235409603112892496e-01+j1.15952737103737726909e-01
  +1.98734821849434278862e-01+j1.15320830218659076127e-01
  +2.01220705905706009897e-01+j1.14653006658746961510e-01
  +2.03717474873997800300e-01+j1.13963103294518738884e-01
  +2.06229458574001683901e-01+j1.13253506102564863167e-01
  +2.08756852975337720002e-01+j1.12524199485999565340e-01
  +2.11299863977559260197e-01+j1.11775169282910924462e-01
  +2.13811707595551570016e-01+j1.10937150879596699293e-01
  +2.16330953888097782256e-01+j1.10068644644036484070e-01
  +2.18863575685841527108e-01+j1.09178298823551470087e-01
  +2.21409737710568294000e-01+j1.08266073465855955371e-01
  +2.23969614211745937649e-01+j1.07331929015572896668e-01
  +2.26496334533738574724e-01+j1.06299958901302074588e-01
  +2.29029075497670542294e-01+j1.05236142514472538756e-01
  +2.31573061916034911301e-01+j1.04148806385924705409e-01
  +2.34128431314698404186e-01+j1.03037896603683440389e-01
  +2.36695330266102677008e-01+j1.01903358809078845026e-01
  +2.39193064010052275359e-01+j1.00671991741429406320e-01
  +2.41691338217757123452e-01+j9.94092049691591705951e-02
  +2.44197862922918396134e-01+j9.81219505181574747077e-02
  +2.46712741973777210935e-01+j9.68101759006208678615e-02
  +2.49236087432894659610e-01+j9.54738275039917205778e-02
  +2.51741945541744838177e-01+j9.41136981859227450542e-02
  +2.54253488074256295270e-01+j9.27290863980766988384e-02
  +2.56772903179487199665e-01+j9.13198756882544759872e-02
  +2.59300301911448649594e-01+j8.98860124193805454240e-02
  +2.61835803566409841547e-01+j8.84274419041159581711e-02
  +2.64323371161152620434e-01+j8.68605181893466887777e-02
  +2.66812975427563048303e-01+j8.52620308155624534452e-02
  +2.69308371760079157120e-01+j8.36374674346241492318e-02
  +2.71809651105562433138e-01+j8.19867638018272060219e-02
  +2.74316912484485864177e-01+j8.03098539790062654342e-02
  +2.76715782140956434443e-01+j7.85658487247012649046e-02
  +2.79111892108313275340e-01+j7.67937873831568834637e-02
  +2.81511274675058986716e-01+j7.49957786782735891240e-02
  +2.83914002294599843168e-01+j7.31717640542816905036e-02
  +2.86320154812187033233e-01+j7.13216828600971713970e-02
  +2.88659872298600017615e-01+j6.94934282097283417823e-02
  +2.90999480029730306363e-01+j6.76419905569227708497e-02
  +2.93341763942128519460e-01+j6.57654741975892687122e-02
  +2.95686803296885736270e-01+j6.38638334897153603364e-02
  +2.98034684703791408200e-01+j6.19370210166988038880e-02
  +3.00434276345118655982e-01+j5.99520313366249668618e-02
  +3.02837664361531977431e-01+j5.79387711960620346852e-02
  +3.05243660291088125813e-01+j5.58979810205175106641e-02
  +3.07652343077658652071e-01+j5.38295784914610761507e-02
  +3.10063799482585777945e-01+j5.17334785544897313159e-02
  +3.12461777283500441449e-01+j4.95394016272084000696e-02
  +3.14860306955382418526e-01+j4.73155852253172790056e-02
  +3.17259643299658888882e-01+j4.50628275655185553394e-02
  +3.19659855080810351158e-01+j4.27810390533717305184e-02
  +3.22061018943665289260e-01+j4.04701267362965397267e-02
</dep>
<dep S[2,1] frequency>
  -1.84729767944557909942e+00-j1.75380209180469615049e+00
  -1.75466722143031517156e+00-j1.74969973854469573737e+00
  -1.98893095125828400782e+00-j2.75511596899395394544e+00
  -2.39077375718931595117e+00-j3.81864640000330979319e+00
  -2.96589985849083426217e+00-j4.90299474179858041367e+00
  -3.74317198990196509101e+00-j5.99194025099332705508e+00
  -4.76285387513627878064e+00-j7.06368725492947469036e+00
  -6.07490894890225430203e+00-j8.08069963924877932016e+00
  -7.73601613321898007314e+00-j8.97899169639953598221e+00
  -9.80090319308330570891e+00-j9.65457826890241399553e+00
  -1.23021840450488149088e+01-j9.94873166155061916527e+00
  -1.52115773103176863401e+01-j9.64022572536076616245e+00
  -1.83802749638808755606e+01-j8.46433710396967242673e+00
  -2.14780975678800238882e+01-j6.18873428022916716174e+00
  -2.39929320663895175869e+01-j2.75885746105865958810e+00
  -2.52688659838672684543e+01+j1.49511088225263000240e+00
  -2.50199257378684016828e+01+j5.90084592259362938904e+00
  -2.34672258237252542301e+01+j9.83686291490501751866e+00
  -2.10424744198802322614e+01+j1.28898890840820428139e+01
  -1.82365073988493620050e+01+j1.49602806409036439561e+01
  -1.54682322657994131276e+01+j1.60713176875341723360e+01
  -1.29679060363793325905e+01+j1.64858061749449475997e+01
  -1.07766476643251589707e+01+j1.64892725142848917130e+01
  -8.89490529932139040170e+00+j1.62308584726878102344e+01
  -7.29357371536595255890e+00+j1.58155153543424162876e+01
  -5.97963163571911504590e+00+j1.53017316401831990902e+01
  -4.89588579054639083665e+00+j1.47450063324320606029e+01
  -3.97066018366344541946e+00+j1.41817631630966403122e+01
  -3.17595532743818909083e+00+j1.36267829026780873392e+01
  -2.48880241311849781383e+00+j1.30886932456845581640e+01
  -1.91678911729510437212e+00+j1.25731368439422084293e+01
  -1.43412411584094567907e+00+j1.20827715993432036612e+01
  -1.00875725779209357569e+00+j1.16172724847956754246e+01
  -6.31472544667038948596e-01+j1.11759988927681597204e+01
  -2.94760284710975262179e-01+j1.07579167444910872575e+01
  -9.58077422401141035047e-03+j1.03687160168137637584e+01
  +2.35927057431199321824e-01+j1.00043746633246595223e+01
  +4.58146176428186502338e-01+j9.65846833102063229148e+00
  +6.60247457470650500611e-01+j9.32968364761955015751e+00
  +8.44893763509082740271e-01+j9.01679049677960797737e+00
  +1.00578078423751438031e+00+j8.72332272662810659369e+00
  +1.14821395171160101079e+00+j8.44626115196252413853e+00
  +1.27958350477634552611e+00+j8.18141178493115006631e+00
  +1.40118052468179166148e+00+j7.92790019828021641501e+00
  +1.51412012213717517284e+00+j7.68492922143493650822e+00
  +1.61148843246883521907e+00+j7.45679053412201398032e+00
  +1.69735198667325404287e+00+j7.24062683912412996534e+00
  +1.77747006412714170231e+00+j7.03256818199484445842e+00
  +1.85242102540885245077e+00+j6.83207341210902452389e+00
  +1.92271623754081089075e+00+j6.63864807715390536913e+00
  +1.98487439105036966858e+00+j6.45659362210770115809e+00
  +2.04095594345662600944e+00+j6.28337088206434923876e+00
  +2.09368401626935662918e+00+j6.11569694503012772913e+00
  +2.14335172102209448042e+00+j5.95323830043799162581e+00
  +2.19022312054960321959e+00+j5.79568770613667627600e+00
  +2.23179510615943099694e+00+j5.64683047481764077702e+00
  +2.26949422092605512802e+00+j5.50450587335084318141e+00
  +2.30507271938093971642e+00+j5.36612590551781831749e+00
  +2.33869197415760288195e+00+j5.23147742489660494414e+00
  +2.37049952953366149799e+00+j5.10036242273969886440e+00
  +2.39901187086237266399e+00+j4.97429279704489335501e+00
  +2.42511546932053834169e+00+j4.85226391274135959719e+00
  +2.44979685702764493627e+00+j4.73319025165048401504e+00
  +2.47315455507229753351e+00+j4.61692521550664736196e+00
  +2.49527988814029555442e+00+j4.50333166046136579297e+00
  +2.51485594724657701704e+00+j4.39572033936261696851e+00
  +2.53263500721792267356e+00+j4.29221538035882055340e+00
  +2.54939781535141962721e+00+j4.19093663632282531495e+00
  +2.56520532656040023411e+00+j4.09178505042955986681e+00
  +2.58011456458845245265e+00+j3.99466733525333683730e+00
  +2.59275255676340332656e+00+j3.90147104700372926445e+00
  +2.60391069160673094274e+00+j3.81105273812959222113e+00
  +2.61432162014912128356e+00+j3.72237426913490043745e+00
  +2.62402478060517108105e+00+j3.63536429868515931219e+00
  +2.63305738543436840260e+00+j3.54995523461599749027e+00
  +2.64075928746983823459e+00+j3.46782237844607532651e+00
  +2.64753825640027207200e+00+j3.38793522622019693813e+00
  +2.65373977904417079898e+00+j3.30944052299973412445e+00
  +2.65939101791647924955e+00+j3.23228593857383428301e+00
  +2.66451779296227542204e+00+j3.15642164843179529043e+00
  +2.66818315373501979693e+00+j3.08345642828093202681e+00
  +2.67095908883770327691e+00+j3.01238159217091494568e+00
  +2.67327896806622877790e+00+j2.94243993816987625678e+00
  +2.67516129578266337319e+00+j2.87359212013825704446e+00
  +2.67662375819241127317e+00+j2.80580049699934752638e+00
  +2.67811823809329885293e+00+j2.74018675139231948634e+00
  +2.67939416614201286748e+00+j2.67602220894733733303e+00
  +2.68028955848021066544e+00+j2.61280588616206621566e+00
  +2.68081927956865095908e+00+j2.55050795769749738540e+00
  +2.68099763499672727463e+00+j2.48909981223502985159e+00
  +2.67985122980086165612e+00+j2.42968269937687963989e+00
  +2.67800594741514874642e+00+j2.37151909466807753191e+00
  +2.67584865195655430270e+00+j2.31415288604240432235e+00
  +2.67338970417452914674e+00+j2.25756049508114520208e+00
  +2.67063911498934158928e+00+j2.20171920112483743281e+00
  +2.66767247884872205077e+00+j2.14804697890995566212e+00
  +2.66445187568201768968e+00+j2.09559093929367534770e+00
  +2.66096153149708003482e+00+j2.04381712941979021281e+00
  +2.65720963204258486812e+00+j1.99270757797789244137e+00
  +2.65320411228619690291e+00+j1.94224493096402328618e+00
  +2.64896339584708240267e+00+j1.89299663213874924672e+00
  +2.64448678294456662741e+00+j1.84455543390854526109e+00
  +2.63977757803584367480e+00+j1.79671048228815233294e+00
  +2.63484260989051044533e+00+j1.74944716740431860380e+00
  +2.62968853115518808039e+00+j1.70275134308237041658e+00
  +2.62410259941653833948e+00+j1.65754824863569094617e+00
  +2.61824027593879593567e+00+j1.61317517109249308760e+00
  +2.61217547059184518332e+00+j1.56932600724396453806e+00
  +2.60591361412881639126e+00+j1.52598902831780902645e+00
  +2.59946001108224722387e+00+j1.48315285015299558324e+00
  +2.59271564390621556129e+00+j1.44120292613859479758e+00
  +2.58575917995212112288e+00+j1.39984581257914264540e+00
  +2.57862564921939974028e+00+j1.35895564076049701896e+00
  +2.57131964715284810907e+00+j1.31852254289287373901e+00
  +2.56384567988034772767e+00+j1.27853691362122834363e+00
  +2.55594491212491714549e+00+j1.23963455952204770760e+00
  +2.54781313024983235849e+00+j1.20133486197906425019e+00
  +2.53952540680524840866e+00+j1.16345455894083182891e+00
  +2.53108551528966474464e+00+j1.12598539112773732285e+00
  +2.52249716330937401310e+00+j1.08891929797261499679e+00
  +2.51377951557624879086e+00+j1.05308674584705541655e+00
  +2.50492389931111869572e+00+j1.01785118554770859234e+00
  +2.49592964607660672272e+00+j9.82995350348556451436e-01
  +2.48679997794640650355e+00+j9.48512501508791183724e-01
  +2.47753806516670094240e+00+j9.14396052499378275691e-01
  +2.46829265107701889548e+00+j8.81128853935354783289e-01
  +2.45895477510071369665e+00+j8.48328182521717599762e-01
  +2.44949370293132107079e+00+j8.15874897460895254220e-01
  +2.43991237605995126003e+00+j7.83763307399843789369e-01
  +2.43021369561244204860e+00+j7.51987839646358069423e-01
  +2.42046252686225660256e+00+j7.20717674100950000948e-01
  +2.41061324439899360428e+00+j6.89809537886379553484e-01
  +2.40065545387617973461e+00+j6.59221079572851920148e-01
  +2.39059188477874151602e+00+j6.28947250472496222073e-01
  +2.38042523675472983413e+00+j5.98983094216143152622e-01
  +2.36991363684381806110e+00+j5.69848463833301788206e-01
  +2.35925559307267596054e+00+j5.41115586800097636555e-01
  +2.34850092404699317683e+00+j5.12677865156066725483e-01
  +2.33765191078341949549e+00+j4.84530940044508251496e-01
  +2.32671080918768291568e+00+j4.56670522578715043505e-01
  +2.31577975285652293280e+00+j4.29541611375597431888e-01
  +2.30477865962003258815e+00+j4.02770869816442222966e-01
  +2.29369199198279627439e+00+j3.76275002634559097014e-01
  +2.28252187591817312651e+00+j3.50050250854792133204e-01
  +2.27127041629522263833e+00+j3.24092910017939106471e-01
  +2.25988573721326924115e+00+j2.98695332878850083880e-01
  +2.24841519065124240129e+00+j2.73605276412055731239e-01
  +2.23686934809097781596e+00+j2.48771992443880984869e-01
  +2.22525013353837630703e+00+j2.24192106628499782106e-01
  +2.21355945299581780006e+00+j1.99862286044749648539e-01
  +2.20184788443194134899e+00+j1.76045014929472137810e-01
  +2.19007565610933019329e+00+j1.52509557504632936586e-01
  +2.17823761432405405003e+00+j1.29214767806692054641e-01
  +2.16633555849071290922e+00+j1.06157601344577245950e-01
  +2.15437127254225790907e+00+j8.33350447789205778237e-02
  +2.14229840405665061809e+00+j6.11174615046572791699e-02
  +2.13016065290345668615e+00+j3.91767913957949132087e-02
  +2.11796578361006559987e+00+j1.74628532187614919635e-02
  +2.10571542869849492874e+00-j4.02709044109433086239e-03
  +2.09341120615437548125e+00-j2.52957537276683741556e-02
  +2.08106976008696653579e+00-j4.60164560054859561600e-02
  +2.06867927229617309948e+00-j6.64838874216250319549e-02
  +2.05623958552985408588e+00-j8.67372097830888116876e-02
  +2.04375220466772100636e+00-j1.06778896636069584036e-01
  +2.03121862078820081265e+00-j1.26611404340408489899e-01
  +2.01867823143160007859e+00-j1.45850610078168158035e-01
  +2.00609856560268839942e+00-j1.64847499353188764459e-01
  +1.99347739822245739738e+00-j1.83641448627794245940e-01
  +1.98081611996251050201e+00-j2.02234684111296886266e-01
  +1.96811610814832960159e+00-j2.20629419161831347163e-01
  +1.95553944170525273449e+00-j2.38678868142837535826e-01
  +1.94294014333060216515e+00-j2.56522127790085485710e-01
  +1.93030652595991703002e+00-j2.74173404585026148084e-01
  +1.91763994463221187914e+00-j2.91634779159468837673e-01
  +1.90494174218349088257e+00-j3.08908323506534021607e-01
  +1.89217351130130606585e+00-j3.25815428755046543330e-01
  +1.87937327748913785008e+00-j3.42525976262999243271e-01
  +1.86654495777749707131e+00-j3.59053989037057985634e-01
  +1.85368981200950511123e+00-j3.75401430239088174101e-01
  +1.84080908781558361120e+00-j3.91570257803261156937e-01
  +1.82793163380199796819e+00-j4.07257862472454434943e-01
  +1.81503284233830997074e+00-j4.22753566538994929314e-01
  +1.80211245459836488791e+00-j4.38075242084452975977e-01
  +1.78917164800386618850e+00-j4.53224712216842684498e-01
  +1.77621158783502464118e+00-j4.68203796874188171717e-01
  +1.76337194051661638738e+00-j4.82831414553420046332e-01
  +1.75052156507367651095e+00-j4.97284607469452133444e-01
  +1.73765622674563946504e+00-j5.11572251088943219521e-01
  +1.72477707460292783992e+00-j5.25696083872109420909e-01
  +1.71188524626679372531e+00-j5.39657843122974378858e-01
  +1.69894660868779134866e+00-j5.53348559893680702615e-01
  +1.68599641148468282204e+00-j5.66878002128445857011e-01
  +1.67303661514014034850e+00-j5.80250726735820121505e-01
  +1.66006826421292119633e+00-j5.93468442980671140319e-01
  +1.64709239139163821086e+00-j6.06532861318463289990e-01
  +1.63413646072886975524e+00-j6.19318747699045157873e-01
  +1.62117513833049153860e+00-j6.31952752207434964582e-01
  +1.60820906682061703918e+00-j6.44438140946500426232e-01
  +1.59523921370542787201e+00-j6.56776573567905752604e-01
  +1.58226653439183162497e+00-j6.68969712453679421493e-01
</dep>
<dep S[2,2] frequency>
  +6.80451717823184698553e-01+j2.77840130023633946621e-01
  +9.65016612495932180060e-01+j3.73156594740404259913e-02
  +9.75929243253403466696e-01-j4.00957368825818338820e-02
  +9.76697307930813218846e-01-j9.57582447286170618250e-02
  +9.73771526595218928080e-01-j1.46654842758975306749e-01
  +9.67657801619309365648e-01-j1.97609235067562866162e-01
  +9.57658587996161991818e-01-j2.50754693011157880900e-01
  +9.42397781073738505242e-01-j3.07229621067169944570e-01
  +9.19832096991299974498e-01-j3.67492945835782403030e-01
  +8.87191583368338920756e-01-j4.31146143829762129585e-01
  +8.41051325194786536521e-01-j4.96413275712404955531e-01
  +7.77818221727485159533e-01-j5.59349117369522641496e-01
  +6.95035978515988195348e-01-j6.13075925656989983992e-01
  +5.93746255582215942681e-01-j6.47899879053603577894e-01
  +4.81152099905676422509e-01-j6.53636179869489852834e-01
  +3.69766483830013870104e-01-j6.21309073860814242707e-01
  +2.77409160616007011146e-01-j5.55297963645566161617e-01
  +2.16124557208743184322e-01-j4.71693355924176216387e-01
  +1.86848577097227103172e-01-j3.85842845244552756778e-01
  +1.83387987403379804086e-01-j3.09040209588684888775e-01
  +1.97963335780326432634e-01-j2.45095900175147568545e-01
  +2.22184041036505908195e-01-j1.95299531975262313788e-01
  +2.49949185437438353707e-01-j1.59186983974406809361e-01
  +2.78086159775443653164e-01-j1.34260664621158515297e-01
  +3.04862203680054566490e-01-j1.18141207499103229051e-01
  +3.29520538647756766615e-01-j1.07649411912680320613e-01
  +3.51718484940217790413e-01-j1.01333939941778111704e-01
  +3.71386536575863568377e-01-j9.89091429919787268332e-02
  +3.88653534704529790567e-01-j9.94958583851601047199e-02
  +4.03706834066735298361e-01-j1.02432973647677477702e-01
  +4.17143387560052647522e-01-j1.06022330439421372250e-01
  +4.29053551037988090133e-01-j1.10166174834436816909e-01
  +4.39325953229213750362e-01-j1.15466087951898985220e-01
  +4.48125057945012728045e-01-j1.21707564581638005841e-01
  +4.55598474236441841612e-01-j1.28725868076246918736e-01
  +4.62463446413737433449e-01-j1.35762169821109612844e-01
  +4.68652534657416131036e-01-j1.42851956867206808521e-01
  +4.73849204247867139550e-01-j1.50350366382288019862e-01
  +4.78140482255478505014e-01-j1.58197226523457773473e-01
  +4.81603126481836507633e-01-j1.66345335228947011075e-01
  +4.84659602573679848536e-01-j1.74182081935924298888e-01
  +4.87254420721000669481e-01-j1.81843224756431720568e-01
  +4.89201378614888215957e-01-j1.89683465431854131333e-01
  +4.90545201720090917608e-01-j1.97683470998463922674e-01
  +4.91325762641411312170e-01-j2.05828160327247600137e-01
  +4.92118357349381696508e-01-j2.13470101493596658981e-01
  +4.92758631954773929085e-01-j2.20805902533314668545e-01
  +4.92931084245145312295e-01-j2.28223936070662769549e-01
  +4.92659837087362495467e-01-j2.35716669602560852104e-01
  +4.91966554633959551879e-01-j2.43278304124489086480e-01
  +4.91372545968084328827e-01-j2.50548516657837283539e-01
  +4.90705440491095434830e-01-j2.57647329001658043079e-01
  +4.89680826114533562787e-01-j2.64781018289351244288e-01
  +4.88312830237664197153e-01-j2.71946319716658779786e-01
  +4.86614239491902911272e-01-j2.79140789427062163686e-01
  +4.85092718989875049118e-01-j2.86164829828590927541e-01
  +4.83555060496286714944e-01-j2.93086901070590710727e-01
  +4.81729946104964557030e-01-j3.00014655279013164879e-01
  +4.79626373018400609105e-01-j3.06946478686512702616e-01
  +4.77252540279690551372e-01-j3.13881188338569927510e-01
  +4.74667465038718316972e-01-j3.20612834470669516573e-01
  +4.71861838247723153206e-01-j3.27225896053507381289e-01
  +4.68815291785268484226e-01-j3.33828689120750754515e-01
  +4.65533127621394038353e-01-j3.40420839471433422929e-01
  +4.62020156401779902300e-01-j3.47002239701244385994e-01
  +4.58844957761363636539e-01-j3.53477124834291278610e-01
  +4.55746991365460041301e-01-j3.59882803357946534639e-01
  +4.52444204471842026383e-01-j3.66265842926956297632e-01
  +4.48940507570967650697e-01-j3.72625827322653924156e-01
  +4.45239483391266954726e-01-j3.78962502876642848282e-01
  +4.41681179939117485311e-01-j3.85039637540753321154e-01
  +4.38102079307966907340e-01-j3.90972080644043318287e-01
  +4.34343783559088703061e-01-j3.96872020242687473246e-01
  +4.30408956813129184305e-01-j4.02738959426966469657e-01
  +4.26300030089214576634e-01-j4.08572511384433623149e-01
  +4.22291873289289132476e-01-j4.14275722953314606833e-01
  +4.18245935148259362357e-01-j4.19896666362006953932e-01
  +4.14041333375106179737e-01-j4.25478153434225236929e-01
  +4.09679992963612515933e-01-j4.31019727944145780718e-01
  +4.05163669838287221481e-01-j4.36521011579899254063e-01
  +4.00833608531243279494e-01-j4.41808597334755859265e-01
  +3.96505371326160871437e-01-j4.46976570525068173101e-01
  +3.92035784077776283674e-01-j4.52097986183995048659e-01
  +3.87426291972484848625e-01-j4.57172214489183048602e-01
  +3.82678210723723877251e-01-j4.62198678037021137843e-01
  +3.77865068321617703084e-01-j4.67385178388872113420e-01
  +3.72950386995368587950e-01-j4.72607366522032501521e-01
  +3.67907024172100083348e-01-j4.77780588536545758327e-01
  +3.62736132067511540811e-01-j4.82904589124736161043e-01
  +3.57438767819313385488e-01-j4.87979158007240287898e-01
  +3.52316296191944211547e-01-j4.92687142079890449953e-01
  +3.47190033801527908608e-01-j4.97220587473970243586e-01
  +3.41947590891657993151e-01-j5.01698912283009224033e-01
  +3.36589808062282558332e-01-j5.06121529402046799184e-01
  +3.31117446508265134142e-01-j5.10487881943264665274e-01
  +3.25885680231624064174e-01-j5.14940790980880302996e-01
  +3.20673630306068491169e-01-j5.19388416598049462714e-01
  +3.15356603878183872069e-01-j5.23779162807722742379e-01
  +3.09935519642657808514e-01-j5.28112525174497138281e-01
  +3.04411236708671373297e-01-j5.32388022828665485875e-01
  +2.98831311531225551903e-01-j5.36622769625426432327e-01
  +2.93168688632512164371e-01-j5.40804044430318819892e-01
  +2.87408974948655693282e-01-j5.44925468088250375409e-01
  +2.81552895680642956133e-01-j5.48986643248541406059e-01
  +2.75601126116426287105e-01-j5.52987193602953563953e-01
  +2.69823420147838444194e-01-j5.56878908794756988243e-01
  +2.64040570947770558696e-01-j5.60693975295801672054e-01
  +2.58169909797658081452e-01-j5.64446850532486776864e-01
  +2.52212137810128689264e-01-j5.68137093229358791646e-01
  +2.46167915680808313539e-01-j5.71764278144535120774e-01
  +2.40061827903515739857e-01-j5.75244368095279234865e-01
  +2.33880552468980568159e-01-j5.78635115637084140872e-01
  +2.27618077005676044955e-01-j5.81960301795615198017e-01
  +2.21274943463037304658e-01-j5.85219501758929672164e-01
  +2.14851657465500556210e-01-j5.88412304229426919022e-01
  +2.08593599807675944557e-01-j5.91440300211878322578e-01
  +2.02327233336205919434e-01-j5.94374533624779100016e-01
  +1.95987349778653341392e-01-j5.97241046642415063239e-01
  +1.89574464172504342230e-01-j6.00039357204106393873e-01
  +1.83089060285496929570e-01-j6.02768993060795787997e-01
  +1.76809689488023974446e-01-j6.05538891186738426065e-01
  +1.70532367077060237337e-01-j6.08268248277861189877e-01
  +1.64188390069311573871e-01-j6.10929354426986037652e-01
  +1.57778347730098661428e-01-j6.13521763282534493555e-01
  +1.51302804283740682800e-01-j6.16045036912498455983e-01
  +1.44832165997337058982e-01-j6.18598349162106986299e-01
  +1.38315530093429950309e-01-j6.21105481462511987978e-01
  +1.31737537973418250559e-01-j6.23543084248669776670e-01
  +1.25098751553818943183e-01-j6.25910797545562447297e-01
  +1.18399710638375024740e-01-j6.28208269619748072010e-01
  +1.11591068148747224464e-01-j6.30395560069062832476e-01
  +1.04714126321278605536e-01-j6.32503031642402180346e-01
  +9.77801142438004672330e-02-j6.34538733993311510062e-01
  +9.07894804976487890258e-02-j6.36502344996973445923e-01
  +8.37426518028868138721e-02-j6.38393550255086927869e-01
  +7.69020992632142019740e-02-j6.40093865964557529047e-01
  +7.00617748513131383126e-02-j6.41698129968314101568e-01
  +6.31715830033759417894e-02-j6.43228955573335148266e-01
  +5.62320072257075712074e-02-j6.44685960817000358603e-01
  +4.92435123422721790498e-02-j6.46068768285616101821e-01
  +4.23575071175431375203e-02-j6.47430552255487734570e-01
  +3.54530287930676576980e-02-j6.48728551735783143251e-01
  +2.85040959394683365846e-02-j6.49953087965339459942e-01
  +2.15112031897244926348e-02-j6.51103829238471543128e-01
  +1.44748289069431407272e-02-j6.52180448435815240948e-01
  +7.51168931375049975241e-03-j6.53155852404136427758e-01
  +5.26881227921632833144e-04-j6.54052604684287164361e-01
  -6.49752056613885076164e-03-j6.54874682637334393220e-01
  -1.35610378418514476717e-02-j6.55621757098142077247e-01
  -2.06632076473745179834e-02-j6.56293502239709169999e-01
  -2.77317353423195966933e-02-j6.56887539943746379123e-01
  -3.48256887976970963550e-02-j6.57406067403484284384e-01
  -4.19547621443684959353e-02-j6.57849120012910293376e-01
  -4.91185058423682652240e-02-j6.58216391194501371231e-01
  -5.63164848974308379637e-02-j6.58507576965017382697e-01
  -6.33680438272266610689e-02-j6.58741120014957992623e-01
  -7.04274502654825135251e-02-j6.58901496153365462405e-01
  -7.75169762715996885083e-02-j6.58986091498263482080e-01
  -8.46361502744632648865e-02-j6.58994608859323593997e-01
  -9.17845136345802059541e-02-j6.58926752831292872337e-01
  -9.88126504931894356076e-02-j6.58813250170829922681e-01
  -1.05850153293851473313e-01-j6.58627580094237830011e-01
  -1.12913000548553590918e-01-j6.58366081130363989260e-01
  -1.20000705017763706350e-01-j6.58028479674819477552e-01
  -1.27112791059986934838e-01-j6.57614503448699649901e-01
  -1.34096893327923405437e-01-j6.57197794004799829004e-01
  -1.41087543886850713681e-01-j6.56712865391820832528e-01
  -1.48098722028831675246e-01-j6.56152448165964852222e-01
  -1.55129914798056878222e-01-j6.55516309373145977801e-01
  -1.62180619446821217000e-01-j6.54804217304444158287e-01
  -1.69236429476684935302e-01-j6.54035252524847066091e-01
  -1.76308498735759100473e-01-j6.53192605283049898546e-01
  -1.83397427903339571564e-01-j6.52274553063741047154e-01
  -1.90502740899429146015e-01-j6.51280900063601397854e-01
  -1.97623971871483505858e-01-j6.50211451576169219280e-01
  -2.04608288740286664575e-01-j6.49060378311224650538e-01
  -2.11595691197984575593e-01-j6.47833992519013190936e-01
  -2.18595822860040145397e-01-j6.46532522064018455588e-01
  -2.25608206505966996103e-01-j6.45155778596085416332e-01
  -2.32632374471213015932e-01-j6.43703574316060511684e-01
  -2.39537894156502034759e-01-j6.42255251772087754070e-01
  -2.46445706507756712167e-01-j6.40736902415925513310e-01
  -2.53362131967114490028e-01-j6.39144219249697886909e-01
  -2.60286684229441345195e-01-j6.37477051934938199196e-01
  -2.67218885776169590152e-01-j6.35735250615704461374e-01
  -2.74136263253312306709e-01-j6.34010045564565749565e-01
  -2.81059028783052777811e-01-j6.32214821811252769557e-01
  -2.87987566556568430620e-01-j6.30345925776909621341e-01
  -2.94921418902624021818e-01-j6.28403248919748080858e-01
  -3.01860137155842978007e-01-j6.26386683310504732702e-01
  -3.08742007485984681914e-01-j6.24225756438115730873e-01
  -3.15624631847174486055e-01-j6.21988870354232892268e-01
  -3.22509116190903222243e-01-j6.19677709201148063656e-01
  -3.29395020848964381610e-01-j6.17292148127602469110e-01
  -3.36281914963982075939e-01-j6.14832061494917203603e-01
  -3.43081203362979925142e-01-j6.12282247001576518386e-01
  -3.49877928156419659711e-01-j6.09658438792549883800e-01
  -3.56672759300507735691e-01-j6.06960717980296271534e-01
  -3.63465266066944681089e-01-j6.04188967058915782360e-01
  -3.70255026231992190322e-01-j6.01343067106006934353e-01
</dep>
