<Qucs Dataset 1.0.6>
<indep frequency 200>
  +1.00000000000000000000e+06
  +2.10954773869346715510e+07
  +4.11909547738693431020e+07
  +6.12864321608040183783e+07
  +8.13819095477386862040e+07
  +1.01477386934673354030e+08
  +1.21572864321608036757e+08
  +1.41668341708542704582e+08
  +1.61763819095477372408e+08
  +1.81859296482412040234e+08
  +2.01954773869346708059e+08
  +2.22050251256281375885e+08
  +2.42145728643216073513e+08
  +2.62241206030150741339e+08
  +2.82336683417085409164e+08
  +3.02432160804020047188e+08
  +3.22527638190954744816e+08
  +3.42623115577889442444e+08
  +3.62718592964824080467e+08
  +3.82814070351758778095e+08
  +4.02909547738693416119e+08
  +4.23005025125628113747e+08
  +4.43100502512562751770e+08
  +4.63195979899497449398e+08
  +4.83291457286432147026e+08
  +5.03386934673366785049e+08
  +5.23482412060301482677e+08
  +5.43577889447236180305e+08
  +5.63673366834170818329e+08
  +5.83768844221105456352e+08
  +6.03864321608040094376e+08
  +6.23959798994974851608e+08
  +6.44055276381909489632e+08
  +6.64150753768844127655e+08
  +6.84246231155778884888e+08
  +7.04341708542713522911e+08
  +7.24437185929648160934e+08
  +7.44532663316582798958e+08
  +7.64628140703517556190e+08
  +7.84723618090452194214e+08
  +8.04819095477386832237e+08
  +8.24914572864321589470e+08
  +8.45010050251256227493e+08
  +8.65105527638190865517e+08
  +8.85201005025125503540e+08
  +9.05296482412060260773e+08
  +9.25391959798994898796e+08
  +9.45487437185929536819e+08
  +9.65582914572864294052e+08
  +9.85678391959798932076e+08
  +1.00577386934673357010e+09
  +1.02586934673366820812e+09
  +1.04596482412060296535e+09
  +1.06606030150753760338e+09
  +1.08615577889447236061e+09
  +1.10625125628140687943e+09
  +1.12634673366834163666e+09
  +1.14644221105527639389e+09
  +1.16653768844221091270e+09
  +1.18663316582914566994e+09
  +1.20672864321608018875e+09
  +1.22682412060301494598e+09
  +1.24691959798994970322e+09
  +1.26701507537688422203e+09
  +1.28711055276381897926e+09
  +1.30720603015075373650e+09
  +1.32730150753768825531e+09
  +1.34739698492462301254e+09
  +1.36749246231155776978e+09
  +1.38758793969849228859e+09
  +1.40768341708542704582e+09
  +1.42777889447236156464e+09
  +1.44787437185929632187e+09
  +1.46796984924623107910e+09
  +1.48806532663316559792e+09
  +1.50816080402010035515e+09
  +1.52825628140703511238e+09
  +1.54835175879396963120e+09
  +1.56844723618090438843e+09
  +1.58854271356783914566e+09
  +1.60863819095477366447e+09
  +1.62873366834170842171e+09
  +1.64882914572864317894e+09
  +1.66892462311557769775e+09
  +1.68902010050251245499e+09
  +1.70911557788944697380e+09
  +1.72921105527638173103e+09
  +1.74930653266331648827e+09
  +1.76940201005025100708e+09
  +1.78949748743718576431e+09
  +1.80959296482412052155e+09
  +1.82968844221105504036e+09
  +1.84978391959798979759e+09
  +1.86987939698492455482e+09
  +1.88997487437185907364e+09
  +1.91007035175879383087e+09
  +1.93016582914572858810e+09
  +1.95026130653266310692e+09
  +1.97035678391959786415e+09
  +1.99045226130653238297e+09
  +2.01054773869346714020e+09
  +2.03064321608040189743e+09
  +2.05073869346733641624e+09
  +2.07083417085427117348e+09
  +2.09092964824120593071e+09
  +2.11102512562814044952e+09
  +2.13112060301507520676e+09
  +2.15121608040200996399e+09
  +2.17131155778894472122e+09
  +2.19140703517587900162e+09
  +2.21150251256281375885e+09
  +2.23159798994974851608e+09
  +2.25169346733668327332e+09
  +2.27178894472361803055e+09
  +2.29188442211055278778e+09
  +2.31197989949748706818e+09
  +2.33207537688442182541e+09
  +2.35217085427135658264e+09
  +2.37226633165829133987e+09
  +2.39236180904522609711e+09
  +2.41245728643216037750e+09
  +2.43255276381909513474e+09
  +2.45264824120602989197e+09
  +2.47274371859296464920e+09
  +2.49283919597989940643e+09
  +2.51293467336683416367e+09
  +2.53303015075376844406e+09
  +2.55312562814070320129e+09
  +2.57322110552763795853e+09
  +2.59331658291457271576e+09
  +2.61341206030150747299e+09
  +2.63350753768844175339e+09
  +2.65360301507537651062e+09
  +2.67369849246231126785e+09
  +2.69379396984924602509e+09
  +2.71388944723618078232e+09
  +2.73398492462311553955e+09
  +2.75408040201004981995e+09
  +2.77417587939698457718e+09
  +2.79427135678391933441e+09
  +2.81436683417085409164e+09
  +2.83446231155778884888e+09
  +2.85455778894472312927e+09
  +2.87465326633165788651e+09
  +2.89474874371859264374e+09
  +2.91484422110552740097e+09
  +2.93493969849246215820e+09
  +2.95503517587939691544e+09
  +2.97513065326633119583e+09
  +2.99522613065326595306e+09
  +3.01532160804020071030e+09
  +3.03541708542713546753e+09
  +3.05551256281407022476e+09
  +3.07560804020100498199e+09
  +3.09570351758793926239e+09
  +3.11579899497487401962e+09
  +3.13589447236180877686e+09
  +3.15598994974874353409e+09
  +3.17608542713567829132e+09
  +3.19618090452261257172e+09
  +3.21627638190954732895e+09
  +3.23637185929648208618e+09
  +3.25646733668341684341e+09
  +3.27656281407035160065e+09
  +3.29665829145728635788e+09
  +3.31675376884422063828e+09
  +3.33684924623115539551e+09
  +3.35694472361809015274e+09
  +3.37704020100502490997e+09
  +3.39713567839195966721e+09
  +3.41723115577889394760e+09
  +3.43732663316582870483e+09
  +3.45742211055276346207e+09
  +3.47751758793969821930e+09
  +3.49761306532663297653e+09
  +3.51770854271356773376e+09
  +3.53780402010050201416e+09
  +3.55789949748743677139e+09
  +3.57799497487437152863e+09
  +3.59809045226130628586e+09
  +3.61818592964824104309e+09
  +3.63828140703517532349e+09
  +3.65837688442211008072e+09
  +3.67847236180904483795e+09
  +3.69856783919597959518e+09
  +3.71866331658291435242e+09
  +3.73875879396984910965e+09
  +3.75885427135678339005e+09
  +3.77894974874371814728e+09
  +3.79904522613065290451e+09
  +3.81914070351758766174e+09
  +3.83923618090452241898e+09
  +3.85933165829145717621e+09
  +3.87942713567839145660e+09
  +3.89952261306532621384e+09
  +3.91961809045226097107e+09
  +3.93971356783919572830e+09
  +3.95980904522613048553e+09
  +3.97990452261306476593e+09
  +3.99999999999999952316e+09
</indep>
<dep dBS11 frequency>
  +1.11429799339955504234e-01
  +1.53447739146926581677e-01
  +2.41307281053049882402e-01
  +3.54088410824088206663e-01
  +5.11106577371435832902e-01
  +7.28275525568627846162e-01
  +1.01376228971199489060e+00
  +1.32224787404289312320e+00
  +1.37987991663000042486e+00
  +4.91825525766638738112e-01
  -1.30776214818189706612e+00
  -2.57958102652952492306e+00
  -2.98543219137452586764e+00
  -2.99895572962449019627e+00
  -2.90323256333372370364e+00
  -2.79261467467568103018e+00
  -2.69356669548263694125e+00
  -2.61247656515993664783e+00
  -2.54814110508960078860e+00
  -2.49759925619167422184e+00
  -2.45713226958697195101e+00
  -2.42324616939047698949e+00
  -2.39935697972103412212e+00
  -2.38359324863658672555e+00
  -2.37437739872559738785e+00
  -2.36901033362894075651e+00
  -2.36239800401272193042e+00
  -2.36122882029065017662e+00
  -2.36469984353985385184e+00
  -2.37210317021525618486e+00
  -2.38196186822936795124e+00
  -2.39198963278347598305e+00
  -2.40591833836654789280e+00
  -2.42336944660846986821e+00
  -2.44399453732756244406e+00
  -2.46575177080283536313e+00
  -2.48439235308572436978e+00
  -2.50626714410522710708e+00
  -2.53118495767324880319e+00
  -2.55896757768964011603e+00
  -2.58788700346314648471e+00
  -2.61469909372890940702e+00
  -2.64440377435287565788e+00
  -2.67689702474134660903e+00
  -2.71207935707701741634e+00
  -2.74883203163559919346e+00
  -2.78550241623845717953e+00
  -2.82504661639401799533e+00
  -2.86742274876551395124e+00
  -2.91259072167938271036e+00
  -2.95872375409897880871e+00
  -3.00312878154655971130e+00
  -3.05019799796098789457e+00
  -3.09989682672442512512e+00
  -3.15218857377579730894e+00
  -3.20492189024034956901e+00
  -3.25537241431214408038e+00
  -3.30810108913441824896e+00
  -3.36304784710632098665e+00
  -3.42014693199666641732e+00
  -3.47747850070618991225e+00
  -3.53308427412571068871e+00
  -3.59051914466046673269e+00
  -3.64968840394881510747e+00
  -3.71048974695200772800e+00
  -3.76990728507045025353e+00
  -3.82528639843660078768e+00
  -3.88157688231955244618e+00
  -3.93863960021090653285e+00
  -3.99633093030338892859e+00
  -4.05235577002692082260e+00
  -4.10511574524285727250e+00
  -4.15787567499165255924e+00
  -4.21048997403855462807e+00
  -4.26281648263317514136e+00
  -4.31217779466452366677e+00
  -4.35712855397425258275e+00
  -4.40120606278558401669e+00
  -4.44430345079773836403e+00
  -4.48632523282492012839e+00
  -4.52504169583572757318e+00
  -4.55959895340445342526e+00
  -4.59276499586998099289e+00
  -4.62451143441445911009e+00
  -4.65482440526029694894e+00
  -4.68007090711265050231e+00
  -4.69941302846935560211e+00
  -4.71720834749843032085e+00
  -4.73348779787887430359e+00
  -4.74828988294667819758e+00
  -4.76124008848482205281e+00
  -4.77237717655155702090e+00
  -4.78224241887582390831e+00
  -4.79091451806982782102e+00
  -4.79847246095546964284e+00
  -4.80105643379311253227e+00
  -4.79875216393348846822e+00
  -4.79555837995534872675e+00
  -4.79155224908109289572e+00
  -4.78680295933744393011e+00
  -4.77925871296797666332e+00
  -4.76916048320617669276e+00
  -4.75845650541828391056e+00
  -4.74717450635105642220e+00
  -4.73532947133529091843e+00
  -4.72091386596432460721e+00
  -4.70437935667387563399e+00
  -4.68739997390065532556e+00
  -4.66995485292155088075e+00
  -4.65200951135773621559e+00
  -4.63275841372034058452e+00
  -4.61237807553540690719e+00
  -4.59137863773324195193e+00
  -4.56967954092808081867e+00
  -4.54718684253184068922e+00
  -4.52238273488187214610e+00
  -4.49577575043731947346e+00
  -4.46825111765784122042e+00
  -4.43968626437761582082e+00
  -4.40994799600965681208e+00
  -4.37726659831632591846e+00
  -4.34230450286657543302e+00
  -4.30596307572849301692e+00
  -4.26809956464088813277e+00
  -4.22856585539396334639e+00
  -4.18529861513657408523e+00
  -4.13907063556858378917e+00
  -4.09081158114316689733e+00
  -4.04037903056505687260e+00
  -3.98763250066329266730e+00
  -3.93100007043828636455e+00
  -3.87103197600893000896e+00
  -3.80831572751318958581e+00
  -3.74274097995417864837e+00
  -3.67420816931216753787e+00
  -3.60526646969891961803e+00
  -3.53474426144283215834e+00
  -3.46147664166104185313e+00
  -3.38542667235854910501e+00
  -3.30657364863968128432e+00
  -3.22441782079881322787e+00
  -3.13950819452041063329e+00
  -3.05212187401988099822e+00
  -2.96231725386454147753e+00
  -2.87017039354660674633e+00
  -2.77651780999368913427e+00
  -2.68113174294978851009e+00
  -2.58389669235419994209e+00
  -2.48495325694399449290e+00
  -2.38445555249240737083e+00
  -2.28253124889909830841e+00
  -2.17949364708991577544e+00
  -2.07555477071762384256e+00
  -1.97090660661438099588e+00
  -1.86574623118095717089e+00
  -1.76194692276069808656e+00
  -1.65864801146188423076e+00
  -1.55560587816675166550e+00
  -1.45301004146324030941e+00
  -1.35104590482136455165e+00
  -1.25183109203727904735e+00
  -1.15414667411546423281e+00
  -1.05770362118965732812e+00
  -9.62648197003978078889e-01
  -8.69116584053862162307e-01
  -7.79183593435900823110e-01
  -6.91473722002494461947e-01
  -6.05698036572594689098e-01
  -5.21937839422829563674e-01
  -4.40262756276997901939e-01
  -3.60253187700559973639e-01
  -2.82394860191475083333e-01
  -2.06804842166299185369e-01
  -1.33506861800575082899e-01
  -6.25143578440106179039e-02
  +3.90825669049000429256e-03
  +6.77287961229467022628e-02
  +1.29269836495326029269e-01
  +1.88554244929434955402e-01
  +2.45596500840711717828e-01
  +2.98801491756161607949e-01
  +3.49814710854800814399e-01
  +3.98738382107091726692e-01
  +4.45611492587560609202e-01
  +4.90503367835146808495e-01
  +5.34188009197081981050e-01
  +5.76031346135734922953e-01
  +6.16043539778289406250e-01
  +6.54291687283717338097e-01
  +6.90843514044987450085e-01
  +7.25356447114319458080e-01
  +7.58264226823228693064e-01
  +7.89655790764977050245e-01
  +8.19599647523332253130e-01
  +8.48163509878584243040e-01
  +8.74303689769403535870e-01
  +8.99176252373124818007e-01
  +9.22872670409880968556e-01
  +9.45455783191603393867e-01
  +9.66986809365219412982e-01
</dep>
<dep dBS21 frequency>
  -2.41379321431485820426e+01
  +6.83381731245635570815e+00
  +9.55037199957408944329e+00
  +1.25519777656966233792e+01
  +1.53716269831012830593e+01
  +1.81071355190239913213e+01
  +2.08753648058899869966e+01
  +2.37035788331486152458e+01
  +2.62918313362680855505e+01
  +2.76418857241233837385e+01
  +2.70287101106885785384e+01
  +2.53846589954754620067e+01
  +2.36587631596035592452e+01
  +2.21348551392185299846e+01
  +2.08349160358466392040e+01
  +1.97244207741257646660e+01
  +1.87596891262643055143e+01
  +1.79157910619576448141e+01
  +1.71699067022088591727e+01
  +1.65049010885907847523e+01
  +1.59072367655312660872e+01
  +1.53623744219611975126e+01
  +1.48647029693266912176e+01
  +1.44082130275413611287e+01
  +1.39881264537922422875e+01
  +1.36003707785738683356e+01
  +1.32397487966493585532e+01
  +1.29040069892303410626e+01
  +1.25909940224814000942e+01
  +1.22989166262320956946e+01
  +1.20255729421325874284e+01
  +1.17665671985829600743e+01
  +1.15231209087526682566e+01
  +1.12942628136966725094e+01
  +1.10791601764593465873e+01
  +1.08766357769606294426e+01
  +1.06841037582893072511e+01
  +1.05021692832710975551e+01
  +1.03302952302793276118e+01
  +1.01680073665971644203e+01
  +1.00142672676983259805e+01
  +9.86687373962857705578e+00
  +9.72712693298719521806e+00
  +9.59468389423545175987e+00
  +9.46923431882989952157e+00
  +9.34954702911021406919e+00
  +9.23313532128595859660e+00
  +9.12207437454852509973e+00
  +9.01609682837931458721e+00
  +8.91495311311665439291e+00
  +8.81781522139145579331e+00
  +8.72323678176382166782e+00
  +8.63226884295086094312e+00
  +8.54468190452689668746e+00
  +8.46025727174077424309e+00
  +8.37820702940720885010e+00
  +8.29734752813080334022e+00
  +8.21860615483858936159e+00
  +8.14177702750532539255e+00
  +8.06666292711128818382e+00
  +7.99255726667786348116e+00
  +7.91862738716138281347e+00
  +7.84565355442541889630e+00
  +7.77346439761334995211e+00
  +7.70189876481692881072e+00
  +7.63033072548305124627e+00
  +7.55805187330793160072e+00
  +7.48568160209874466915e+00
  +7.41308859031735423173e+00
  +7.34015383656576059224e+00
  +7.26585810214182181710e+00
  +7.18940219102876110213e+00
  +7.11211140218479087594e+00
  +7.03391267745247983356e+00
  +6.95474728579763379344e+00
  +6.87417181076737726642e+00
  +6.79188529639647775582e+00
  +6.70841451123461141037e+00
  +6.62375178173087952871e+00
  +6.53790356401843730794e+00
  +6.45009363063521323767e+00
  +6.35999278388375977045e+00
  +6.26865696110204506653e+00
  +6.17613717256167227276e+00
  +6.08249585891500554879e+00
  +5.98872526451772468903e+00
  +5.89507456333250345892e+00
  +5.80051457576718654252e+00
  +5.70513819824387002910e+00
  +5.60904578277400833741e+00
  +5.51089880327751124867e+00
  +5.41058309018246141875e+00
  +5.30976308463246038372e+00
  +5.20855534507088968610e+00
  +5.10707938328818134011e+00
  +5.00538987476399732657e+00
  +4.90352356302985370462e+00
  +4.80163220013929770147e+00
  +4.69982742526951824402e+00
  +4.59822011206675451689e+00
  +4.49703916463343489340e+00
  +4.39634452406296993843e+00
  +4.29611957429023050281e+00
  +4.19646397949415828066e+00
  +4.09747449394393647992e+00
  +3.99861981304949365423e+00
  +3.90001505188065600294e+00
  +3.80222924177119114830e+00
  +3.70533713858313884515e+00
  +3.60940923879341113434e+00
  +3.51418080491783069164e+00
  +3.41977453735406822233e+00
  +3.32648657882821385812e+00
  +3.23436694024056681229e+00
  +3.14346072609086579774e+00
  +3.05304362619539038093e+00
  +2.96331473493755437332e+00
  +2.87479645979962494806e+00
  +2.78750835871668556365e+00
  +2.70146477143468199955e+00
  +2.61600591582735297891e+00
  +2.53128231165706862882e+00
  +2.44767185518128815858e+00
  +2.36516269559948932866e+00
  +2.28373771057076702107e+00
  +2.20330691341880857692e+00
  +2.12382581546158810681e+00
  +2.04528835659047736328e+00
  +1.96765608561891092165e+00
  +1.89088549767896219045e+00
  +1.81536908822471088065e+00
  +1.74084672749395896751e+00
  +1.66704302825670325205e+00
  +1.59389457738721018742e+00
  +1.52133322541141113859e+00
  +1.44744095634842584452e+00
  +1.37304644383611229586e+00
  +1.29886794897294688411e+00
  +1.22481601697807707119e+00
  +1.15079774876569596032e+00
  +1.07606370373305049171e+00
  +1.00085478708509167944e+00
  +9.25322516192102928478e-01
  +8.49365125252544705958e-01
  +7.72879687010777916001e-01
  +6.95053097078441428636e-01
  +6.16195203077753883569e-01
  +5.36446817969069233989e-01
  +4.55705804365125421995e-01
  +3.73872019272557309932e-01
  +2.90546832039209501630e-01
  +2.05823678643134472255e-01
  +1.19703761242118941754e-01
  +3.21019076565736555251e-02
  -5.70615715625811745215e-02
  -1.49087856516811750884e-01
  -2.43196363489283473580e-01
  -3.39116416468526693517e-01
  -4.36897437635465013539e-01
  -5.36580294512648992011e-01
  -6.39371273076292157000e-01
  -7.44423831479256725707e-01
  -8.51476480812235703155e-01
  -9.60530279580337209566e-01
  -1.07157644927346851205e+00
  -1.18577568863853044512e+00
  -1.30216987680410101191e+00
  -1.42048569362148136008e+00
  -1.54067457227159976263e+00
  -1.66267920985992767591e+00
  -1.78615115009450642347e+00
  -1.91126022042359311470e+00
  -2.03797442940243378473e+00
  -2.16620753824285250388e+00
  -2.29586721114534375587e+00
  -2.42811515419878798383e+00
  -2.56176279667456485711e+00
  -2.69653396878992523966e+00
  -2.83232061807633161976e+00
  -2.96901133217205570602e+00
  -3.10726217773925439403e+00
  -3.24624683130088520500e+00
  -3.38584727066131918605e+00
  -3.52587588161201681558e+00
  -3.66620838925392433794e+00
  -3.80630160368879133514e+00
  -3.94645522315300834038e+00
  -4.08658929688432515093e+00
  -4.22659167919153322401e+00
  -4.36635183263534010223e+00
  -4.50622515255131439460e+00
  -4.64567825125996769486e+00
  -4.78458281590786072002e+00
  -4.92283578977479852057e+00
  -5.06033670332130824931e+00
  -5.19771251897648767226e+00
  -5.33416708891593405184e+00
  -5.46959087916393649209e+00
  -5.60389477228513488427e+00
  -5.73699248780156167982e+00
</dep>
<dep dBS12 frequency>
  -6.98406321127632168100e+01
  -4.04300974146919003260e+01
  -4.03400696958674060966e+01
  -3.96238706475140816110e+01
  -3.87564346282823137813e+01
  -3.78717750005472524322e+01
  -3.70937611605620247701e+01
  -3.66612816488482735622e+01
  -3.71815372361119429456e+01
  -3.93203529914282938762e+01
  -3.94315315192137276767e+01
  -3.68335243366658531272e+01
  -3.48164170181057670561e+01
  -3.33906417015083079036e+01
  -3.22876143984029013723e+01
  -3.13783590441581807795e+01
  -3.06426607469547889195e+01
  -2.99702626397068208064e+01
  -2.93430353245026083187e+01
  -2.87503127583081266039e+01
  -2.81956647586265596317e+01
  -2.77191082314126333586e+01
  -2.72534962442374038005e+01
  -2.67970732255836630031e+01
  -2.63486754474400655113e+01
  -2.59167310944985445076e+01
  -2.55343351933164655065e+01
  -2.51539160075773295944e+01
  -2.47752194662574112272e+01
  -2.43981060453168012714e+01
  -2.40304515168292596172e+01
  -2.36962438294079333900e+01
  -2.33612037008182937825e+01
  -2.30253119462345132717e+01
  -2.26885913678965636109e+01
  -2.23612029595705621432e+01
  -2.20692256958706387593e+01
  -2.17756696228206081400e+01
  -2.14805598075430523863e+01
  -2.11839424391235553458e+01
  -2.08933729161172863087e+01
  -2.06249290925644537253e+01
  -2.03547647626294470058e+01
  -2.00829353206679428467e+01
  -1.98095101622169131872e+01
  -1.95412981601711308599e+01
  -1.92904948169572207917e+01
  -1.90383955164072986577e+01
  -1.87850684390951769842e+01
  -1.85305913615054400623e+01
  -1.82827583310119763382e+01
  -1.80531988657373041463e+01
  -1.78229558846728473043e+01
  -1.75921234509007469171e+01
  -1.73608019858844500050e+01
  -1.71367310615246921657e+01
  -1.69294915728779642450e+01
  -1.67223899156855857484e+01
  -1.65155343034122523704e+01
  -1.63090354314131076308e+01
  -1.61066743185572889274e+01
  -1.59121764323091312576e+01
  -1.57183576005883534066e+01
  -1.55253223008044276554e+01
  -1.53331730186019399298e+01
  -1.51497693150321861566e+01
  -1.49815581001237525527e+01
  -1.48148542750605276552e+01
  -1.46497369223667455174e+01
  -1.44862783689769862860e+01
  -1.43300460674907057523e+01
  -1.41845514223812294574e+01
  -1.40409776873787528473e+01
  -1.38993556492024890048e+01
  -1.37597057833548390704e+01
  -1.36267780725839138256e+01
  -1.35028502725137968810e+01
  -1.33810133754285054408e+01
  -1.32612425765282679890e+01
  -1.31435019270889199561e+01
  -1.30322460548441050321e+01
  -1.29289688376723805874e+01
  -1.28276633894787384094e+01
  -1.27282506397835746270e+01
  -1.26306422621572167486e+01
  -1.25382285986173052095e+01
  -1.24517148774486727802e+01
  -1.23668308287037227444e+01
  -1.22834652156597208261e+01
  -1.22015010870764299966e+01
  -1.21227522809248622337e+01
  -1.20473516698811096148e+01
  -1.19730755022012669286e+01
  -1.18997898848555934137e+01
  -1.18273592879924560606e+01
  -1.17627970811281521435e+01
  -1.17060556870688081688e+01
  -1.16499296492818160687e+01
  -1.15942937959940302051e+01
  -1.15390247114168644771e+01
  -1.14861048165294477030e+01
  -1.14352552124913575682e+01
  -1.13844705203048430775e+01
  -1.13336411548877720179e+01
  -1.12826612533377925729e+01
  -1.12356720129617144721e+01
  -1.11919092995186542083e+01
  -1.11478185792428376999e+01
  -1.11033165761702878882e+01
  -1.10583249080891548033e+01
  -1.10134852860249168316e+01
  -1.09685705965105722015e+01
  -1.09229908268253232961e+01
  -1.08766897452045885331e+01
  -1.08296165619235438271e+01
  -1.07852844563254972599e+01
  -1.07425757224089508668e+01
  -1.06990662573983463801e+01
  -1.06547310008510223156e+01
  -1.06095505532814904370e+01
  -1.05683015839001512859e+01
  -1.05292557834115925175e+01
  -1.04895078712107938657e+01
  -1.04490646988213153890e+01
  -1.04079387393659885674e+01
  -1.03688758391977096096e+01
  -1.03307348060779968790e+01
  -1.02920461395445386188e+01
  -1.02528444217689802542e+01
  -1.02131695794036030378e+01
  -1.01719053195744280060e+01
  -1.01296929895929146426e+01
  -1.00871686470681574121e+01
  -1.00443930401508723094e+01
  -1.00014319121342865060e+01
  -9.96224345832759894392e+00
  -9.92485339276919553697e+00
  -9.88762592766926395882e+00
  -9.85064821833385018124e+00
  -9.81401108722803527940e+00
  -9.78167497028772991996e+00
  -9.75146470323939951186e+00
  -9.72194562479750423734e+00
  -9.69321774030144212020e+00
  -9.66538240808182358421e+00
  -9.64023264248692868250e+00
  -9.61682430660828302393e+00
  -9.59466817932981008710e+00
  -9.57386510539933333064e+00
  -9.55451410837875592108e+00
  -9.53803010998428391076e+00
  -9.52362086600729185193e+00
  -9.51096770361362686685e+00
  -9.50015510934575324598e+00
  -9.49126224491726588894e+00
  -9.48752981668638994961e+00
  -9.48676350985490124401e+00
  -9.48816431270268800802e+00
  -9.49178109993646934583e+00
  -9.49765433573677775314e+00
  -9.50890988157266292546e+00
  -9.52322836315534537732e+00
  -9.53989707730730529534e+00
  -9.55891679523971049548e+00
  -9.58027858299638701567e+00
  -9.60763266107485769396e+00
  -9.63801894308496365227e+00
  -9.67066644734572555819e+00
  -9.70552642599720627459e+00
  -9.74254151564960579890e+00
  -9.78218504281980116843e+00
  -9.82394731964443934658e+00
  -9.86766039491069513190e+00
  -9.91323835844097089876e+00
  -9.96058931915198542129e+00
  -1.00124364780562995492e+01
  -1.00662317461192039048e+01
  -1.01214885168385411163e+01
  -1.01780994599327883066e+01
  -1.02359540121457559536e+01
  -1.02980087420607713256e+01
  -1.03613606948787939643e+01
  -1.04256521399418637941e+01
  -1.04906947870879285745e+01
  -1.05563651276882133345e+01
  -1.06233969777644396970e+01
  -1.06909115206997746839e+01
  -1.07587318341161886082e+01
  -1.08267468714533556806e+01
  -1.08948472999755665569e+01
  -1.09626754054776238689e+01
  -1.10303931317056065353e+01
  -1.10979095026160337056e+01
  -1.11651228992621103231e+01
  -1.12319344003456311754e+01
  -1.12995731810550648078e+01
  -1.13666610713498617002e+01
  -1.14330755349113744046e+01
  -1.14987291476278841174e+01
  -1.15635374340749343958e+01
</dep>
<dep dBS22 frequency>
  -2.30682316164223383259e-02
  -4.51650487516659926435e-01
  -2.39413884434756363273e-01
  -2.00154104688625045227e-01
  -1.97990755041869276321e-01
  -2.41417993184641049842e-01
  -3.97298918168970227605e-01
  -8.79038813038250488319e-01
  -2.32392867228936639279e+00
  -5.74196875505779136262e+00
  -7.54230304719949629089e+00
  -5.48854535240461682832e+00
  -3.98412092623396940638e+00
  -3.15045358221285543010e+00
  -2.66044635023375786176e+00
  -2.34981579999216716459e+00
  -2.14418570358836779732e+00
  -2.00100619739523422069e+00
  -1.89795361667935358341e+00
  -1.82168391219407177495e+00
  -1.76338720771843515678e+00
  -1.71750784569682646286e+00
  -1.68346536029777138488e+00
  -1.65837643988869110068e+00
  -1.64007568886127286234e+00
  -1.62667714183541534112e+00
  -1.61705553723814454692e+00
  -1.61185134721783462908e+00
  -1.61020918180343697301e+00
  -1.61139353959017839202e+00
  -1.61468735493959325566e+00
  -1.62014771139390756360e+00
  -1.62815888382514684096e+00
  -1.63832266065244480657e+00
  -1.65026301409879172510e+00
  -1.66312920551849474649e+00
  -1.67586647588903447925e+00
  -1.69033774287761029420e+00
  -1.70630204536636131962e+00
  -1.72351720925080176272e+00
  -1.74163841698419652460e+00
  -1.76062855414879404492e+00
  -1.78085186063618827745e+00
  -1.80211697101465517790e+00
  -1.82422079865588471215e+00
  -1.84705111842982971915e+00
  -1.87109395512788490024e+00
  -1.89618888604960655897e+00
  -1.92217461419448376603e+00
  -1.94887575245060751250e+00
  -1.97579514221880914171e+00
  -2.00258775938048927401e+00
  -2.03001333752220824991e+00
  -2.05790155855671130780e+00
  -2.08606713121704467895e+00
  -2.11390208450865157985e+00
  -2.14096090355327239863e+00
  -2.16809551678629830462e+00
  -2.19511884894142816904e+00
  -2.22183159151376363738e+00
  -2.24820566373416896866e+00
  -2.27437161560681211370e+00
  -2.29984081388281591529e+00
  -2.32440074866207213589e+00
  -2.34783133373594621318e+00
  -2.36918101708325279375e+00
  -2.38791931051592642987e+00
  -2.40528127303424277272e+00
  -2.42108947786689610027e+00
  -2.43517071136565022016e+00
  -2.44793844428416873527e+00
  -2.45986952819459103736e+00
  -2.47002074765321699701e+00
  -2.47827816935033595769e+00
  -2.48454038614248462480e+00
  -2.48869431721552336612e+00
  -2.49082186470047783899e+00
  -2.49098446247034122081e+00
  -2.48915412347288889094e+00
  -2.48531852591225632665e+00
  -2.48013991775072861756e+00
  -2.47404700413187272900e+00
  -2.46627811867931256984e+00
  -2.45688080229834993062e+00
  -2.44591412530043283979e+00
  -2.43120374380231707434e+00
  -2.41240111571246051980e+00
  -2.39231643510420211030e+00
  -2.37105282272929551723e+00
  -2.34871743797737675408e+00
  -2.32791247785154986616e+00
  -2.30908066992486249447e+00
  -2.28963000258651838692e+00
  -2.26966124093686305585e+00
  -2.24927385039535643330e+00
  -2.22769061214354202605e+00
  -2.20506793103556431035e+00
  -2.18238231108003111203e+00
  -2.15971535760183286357e+00
  -2.13714425759737292054e+00
  -2.11419435940465572088e+00
  -2.09100818548957434473e+00
  -2.06815014709035516205e+00
  -2.04567710751383646794e+00
  -2.02364108607812731577e+00
  -2.00244841893610647787e+00
  -1.98208350442293035343e+00
  -1.96228767199547315947e+00
  -1.94309147937189541366e+00
  -1.92452166903117061203e+00
  -1.90706312474335804019e+00
  -1.89061128540489487015e+00
  -1.87483565672466978569e+00
  -1.85974974326926290047e+00
  -1.84536424820481759212e+00
  -1.83206275857513078975e+00
  -1.81971357970344471688e+00
  -1.80805955218874325752e+00
  -1.79709949483876441079e+00
  -1.78683012757648085334e+00
  -1.77663801616920480342e+00
  -1.76673241590172214188e+00
  -1.75746939167588300812e+00
  -1.74883421341588363163e+00
  -1.74081033189497547120e+00
  -1.73250220291021217456e+00
  -1.72428312091021229691e+00
  -1.71661605847620712950e+00
  -1.70947608653734084427e+00
  -1.70283655220923035856e+00
  -1.69667745084627119567e+00
  -1.69098274517857283250e+00
  -1.68571996959388359372e+00
  -1.68085536890934239551e+00
  -1.67635336448359195671e+00
  -1.67290326973188019366e+00
  -1.66998601421136094736e+00
  -1.66721997773979757618e+00
  -1.66456057266815649065e+00
  -1.66196162239367395408e+00
  -1.65869645398671305969e+00
  -1.65510351419253032290e+00
  -1.65140093144193667030e+00
  -1.64753904423956321068e+00
  -1.64346789919799363133e+00
  -1.63911920043013736858e+00
  -1.63443186941764428965e+00
  -1.62936020636016221097e+00
  -1.62385684190406309746e+00
  -1.61787615277933305435e+00
  -1.61115027641769215094e+00
  -1.60379107274494270285e+00
  -1.59583107717354955035e+00
  -1.58723679111894711014e+00
  -1.57797873209924466309e+00
  -1.56764314913697999643e+00
  -1.55647582736202383380e+00
  -1.54456757000084787812e+00
  -1.53191108175560142257e+00
  -1.51850460594580605189e+00
  -1.50394557925702265777e+00
  -1.48854656447795585805e+00
  -1.47241976725289580585e+00
  -1.45558832280889349775e+00
  -1.43808035115240873125e+00
  -1.41933719951356196454e+00
  -1.39988291941462783541e+00
  -1.37987964727968481782e+00
  -1.35937345977868817570e+00
  -1.33841288326478302650e+00
  -1.31691873912180645867e+00
  -1.29505735993623694036e+00
  -1.27290294088937550043e+00
  -1.25050783794140851768e+00
  -1.22792412724003674462e+00
  -1.20493020065896039306e+00
  -1.18182024398962481904e+00
  -1.15868138673718057419e+00
  -1.13556202063842870409e+00
  -1.11251259547596248467e+00
  -1.08917392216826880436e+00
  -1.06593113694474483921e+00
  -1.04289582312060868929e+00
  -1.02010852455792710991e+00
  -9.97596573495399541187e-01
  -9.75194718934742188488e-01
  -9.53114445544980815050e-01
  -9.31391023267145623521e-01
  -9.10041967293738873757e-01
  -8.89082216884406140167e-01
  -8.68621964839062954411e-01
  -8.48571818646328024371e-01
  -8.28935518993897502149e-01
  -8.09719739528296456044e-01
  -7.90929184533374241006e-01
  -7.72507445034911310877e-01
  -7.54516973693535208945e-01
  -7.36959116550344850438e-01
  -7.19832323829062481479e-01
  -7.03133771839323795660e-01
</dep>
<dep S[1,1] frequency>
  +1.01279182076477614061e+00-j1.55685039215030240900e-02
  +1.01726725866338596482e+00-j3.36390701410516634873e-02
  +1.02747084655270426445e+00-j3.79385286089970463763e-02
  +1.04041729557906825754e+00-j4.97960338263447599427e-02
  +1.05836729633521531291e+00-j6.89218730517319050355e-02
  +1.08286844723003539137e+00-j9.98389645835435907140e-02
  +1.11334231158657659400e+00-j1.52937979759350362041e-01
  +1.13759395666817342274e+00-j2.48537761783751309785e-01
  +1.10092400439512116961e+00-j4.02455363393931730975e-01
  +9.20867701362109825070e-01-j5.21451058744549444945e-01
  +7.26378201115124411125e-01-j4.60826636911358056281e-01
  +6.58858315707330444155e-01-j3.43564290638686209434e-01
  +6.57513427094808644569e-01-j2.65607441439355662638e-01
  +6.71860733018656564042e-01-j2.23407509022297223744e-01
  +6.86758292928449698422e-01-j2.02096109458461181685e-01
  +6.99165793663766410582e-01-j1.92010065890881320705e-01
  +7.09670347121313493943e-01-j1.84921339755676567007e-01
  +7.17324794001630405837e-01-j1.82782764259334595813e-01
  +7.22701038972864640009e-01-j1.83971351437497043779e-01
  +7.26283045020744255638e-01-j1.87523884487095282569e-01
  +7.28643434326808003831e-01-j1.92349253839607436944e-01
  +7.30809019225622469307e-01-j1.95668667205562585298e-01
  +7.31759354077529566851e-01-j2.00133434274941568454e-01
  +7.31689455676816313812e-01-j2.05544357334955241079e-01
  +7.30753982672914803587e-01-j2.11763032618917601546e-01
  +7.29298135728042362658e-01-j2.18368908931512700766e-01
  +7.28204852601664343048e-01-j2.23967683655945437593e-01
  +7.26411308864275073738e-01-j2.30058092579358969276e-01
  +7.23987632062248587239e-01-j2.36597073210533748178e-01
  +7.20992219862721994694e-01-j2.43553652564756972776e-01
  +7.17664527582273947814e-01-j2.50584486635043623970e-01
  +7.14607519293220305734e-01-j2.56589912758424576467e-01
  +7.11025414988140647132e-01-j2.62867173994068448195e-01
  +7.06946671946944271703e-01-j2.69403426359886899455e-01
  +7.02395372173031606877e-01-j2.76189845937934275177e-01
  +6.97662381303273626543e-01-j2.82949910546507865661e-01
  +6.93468201892478486315e-01-j2.88907861666261478462e-01
  +6.88842620091420387851e-01-j2.95002137394840047158e-01
  +6.83798438796247243232e-01-j3.01226715175915371603e-01
  +6.78346409651516824013e-01-j3.07577185433222766164e-01
  +6.72731519734452221293e-01-j3.13859923254581174579e-01
  +6.67477586388665056205e-01-j3.19621210620616880149e-01
  +6.61846651613917758006e-01-j3.25437879153093745366e-01
  +6.55845112075188363399e-01-j3.31305632695978513613e-01
  +6.49478404524744479254e-01-j3.37220976619909018623e-01
  +6.42972550148716681662e-01-j3.42948299909601406199e-01
  +6.36742484234401939780e-01-j3.48024861839902610594e-01
  +6.30182552512712934600e-01-j3.53071457246503184191e-01
  +6.23297522439625995005e-01-j3.58082557224029929266e-01
  +6.16091798709862414896e-01-j3.63053144372630032244e-01
  +6.08839977670443288638e-01-j3.67814097539277240489e-01
  +6.01972763138513000669e-01-j3.72095534094956659210e-01
  +5.94839819980115702691e-01-j3.76288708250846926084e-01
  +5.87447652122897068239e-01-j3.80388894375925490365e-01
  +5.79802753122505620809e-01-j3.84391992369229273940e-01
  +5.72208636343023768767e-01-j3.88156207199027103449e-01
  +5.65061788299549783154e-01-j3.91499025878777717757e-01
  +5.57728185399941400746e-01-j3.94718556019676758417e-01
  +5.50216737269590416837e-01-j3.97813374390605434261e-01
  +5.42536314342648595677e-01-j4.00783002032324808805e-01
  +5.34901630137590400338e-01-j4.03591689380136342535e-01
  +5.27534874375943263480e-01-j4.06202744873726540042e-01
  +5.20041087263558021725e-01-j4.08689461026098932450e-01
  +5.12429049565723659931e-01-j4.11055358286422867220e-01
  +5.04707121515429291136e-01-j4.13305145477218915939e-01
  +4.97225627912308731915e-01-j4.15372868898754632472e-01
  +4.90289209507779322195e-01-j4.17211868288084097856e-01
  +4.83305286159623093134e-01-j4.18960724158202069134e-01
  +4.76280244097314786611e-01-j4.20629268124017963171e-01
  +4.69219385528869104007e-01-j4.22228392686810782841e-01
  +4.62395910512375885038e-01-j4.23705887992179730528e-01
  +4.55993821449550473801e-01-j4.25037382183281409187e-01
  +4.49586832448514051030e-01-j4.26341013220811748674e-01
  +4.43174873797899326888e-01-j4.27630943738736335469e-01
  +4.36756223497019369084e-01-j4.28921793764802439242e-01
  +4.30571942818863517832e-01-j4.30235622022165808964e-01
  +4.24740179076519619450e-01-j4.31596703367856160405e-01
  +4.18900807142641606884e-01-j4.33011955389957348128e-01
  +4.13045184606308068975e-01-j4.34495925590506426595e-01
  +4.07162922461795029339e-01-j4.36062743938246011322e-01
  +4.01482866711981079000e-01-j4.37704132291538372534e-01
  +3.96080283632038288033e-01-j4.39429053331551855432e-01
  +3.90624545777309095662e-01-j4.41279313357402003248e-01
  +3.85099047250671011611e-01-j4.43265287731570922780e-01
  +3.79485837540819048730e-01-j4.45396149417249920255e-01
  +3.73935085316537796363e-01-j4.47856208936223798567e-01
  +3.68461897859041931369e-01-j4.50694780984270182422e-01
  +3.62842074248542867387e-01-j4.53706751527284180003e-01
  +3.57054498753979432379e-01-j4.56895515384552586280e-01
  +3.51077395229238253815e-01-j4.60262997313839350433e-01
  +3.45071496319559689603e-01-j4.63708194574452614578e-01
  +3.39041316529758329779e-01-j4.67220443042821398372e-01
  +3.32766785641263163065e-01-j4.70907740318709300276e-01
  +3.26224528749998965438e-01-j4.74765345079686706953e-01
  +3.19391079371422637045e-01-j4.78786955501665278945e-01
  +3.12537262157638662252e-01-j4.83084922602508348710e-01
  +3.05644054181995694641e-01-j4.87655605425308169565e-01
  +2.98398258601332178053e-01-j4.92370215050454362871e-01
  +2.90778298780708266413e-01-j4.97216084282072756650e-01
  +2.82762969773143302277e-01-j5.02179224127186074611e-01
  +2.74446629587882184875e-01-j5.07341489062759887219e-01
  +2.65801027252958566027e-01-j5.12679906171939925308e-01
  +2.56703486537112224308e-01-j5.18089910126307118254e-01
  +2.47135218922441168843e-01-j5.23552881877517917175e-01
  +2.37077951626880889524e-01-j5.29049066976979620591e-01
  +2.26723793037700571684e-01-j5.34614500340677256673e-01
  +2.16025294047533816810e-01-j5.40218211110201629310e-01
  +2.04796107487175138573e-01-j5.45790448843250564082e-01
  +1.93021306712805457151e-01-j5.51306841664250701918e-01
  +1.80686637522884441243e-01-j5.56741916124023350498e-01
  +1.67875190496383136507e-01-j5.62093593072044206416e-01
  +1.54552553037948292580e-01-j5.67330160724173082620e-01
  +1.40635436963618964956e-01-j5.72405040051399249812e-01
  +1.26112833789685657715e-01-j5.77288170758530116977e-01
  +1.10974615641330598415e-01-j5.81948264858187513937e-01
  +9.53933541305203858141e-02-j5.86420974004353001696e-01
  +7.93099855763308436707e-02-j5.90650996314080467542e-01
  +6.25971573247328105793e-02-j5.94557259664008297406e-01
  +4.52500742358909538443e-02-j5.98103465359325681128e-01
  +2.72653048170613671042e-02-j6.01251976482772843013e-01
  +8.86451249702298327282e-03-j6.04073680708609783707e-01
  -1.00252236587061865913e-02-j6.06492522262402466993e-01
  -2.95351805789960814019e-02-j6.08402100767184927932e-01
  -4.96606937825168903711e-02-j6.09760729442051063742e-01
  -7.03950001442104345006e-02-j6.10525543174028628712e-01
  -9.15877585876277711119e-02-j6.10811137663290759647e-01
  -1.13284788031978972400e-01-j6.10514056656559889191e-01
  -1.35549061731458586610e-01-j6.09504368760938164407e-01
  -1.58363845546860004809e-01-j6.07736595685169023184e-01
  -1.81709477312269912508e-01-j6.05164564976598429169e-01
  -2.05588311223468517275e-01-j6.01843987348856246378e-01
  -2.29968569030175901124e-01-j5.97679762590297425362e-01
  -2.54810074934636032751e-01-j5.92573847835066835898e-01
  -2.80080165191281926784e-01-j5.86478506835137802788e-01
  -3.05742289711577464040e-01-j5.79346247155413052177e-01
  -3.31472807762405952126e-01-j5.71062684902231998407e-01
  -3.57358960371919331944e-01-j5.61621652869240706174e-01
  -3.83471788548125136487e-01-j5.51010740466333470700e-01
  -4.09755757129326270150e-01-j5.39189025795831167187e-01
  -4.36150915701268793168e-01-j5.26117927493044534870e-01
  -4.62390409245762579182e-01-j5.11997751564002623326e-01
  -4.88524857930094480452e-01-j4.96675871863179296817e-01
  -5.14562904128907483425e-01-j4.80034582913971941132e-01
  -5.40429101216648222206e-01-j4.62051110799452491307e-01
  -5.66044373796407040977e-01-j4.42707437470687636960e-01
  -5.91200473369989820682e-01-j4.22060145215113258210e-01
  -6.15887200503790754880e-01-j4.00066249709291499315e-01
  -6.40060475292699049277e-01-j3.76702667653823763949e-01
  -6.63630730282284142518e-01-j3.51976233026412010929e-01
  -6.86507066907118712606e-01-j3.25900772003475502903e-01
  -7.08532169807616130086e-01-j2.98662204259948216301e-01
  -7.29665211485927445167e-01-j2.70185373325538880085e-01
  -7.49837359564130889744e-01-j2.40456573917797344908e-01
  -7.68960168705713376092e-01-j2.09519872175032761952e-01
  -7.86947537452267198432e-01-j1.77427043672021222953e-01
  -8.03516700124145777373e-01-j1.44460452488475499244e-01
  -8.18737137363039657600e-01-j1.10547020905430892768e-01
  -8.32591287015395198345e-01-j7.57031750412502368874e-02
  -8.45012691725292364175e-01-j4.00097843388382279350e-02
  -8.55941260312917062691e-01-j3.55362636333622639029e-03
  -8.65140021417763138700e-01+j3.33293493702195853245e-02
  -8.72713993753787442564e-01+j7.07067324940209851469e-02
  -8.78672015892826618888e-01+j1.08533348081167657639e-01
  -8.82987308033773787841e-01+j1.46706465775197747448e-01
  -8.85641749190395177749e-01+j1.85121539503228071943e-01
  -8.86511103818351964279e-01+j2.23289445043194090257e-01
  -8.85710890467082068156e-01+j2.61394133784460691583e-01
  -8.83276022120695003537e-01+j2.99407890908971241473e-01
  -8.79224701197456770529e-01+j3.37230147775236965835e-01
  -8.73583091122183130750e-01+j3.74763106241540078223e-01
  -8.66500868122178524722e-01+j4.11791400977137844741e-01
  -8.57929729335109803046e-01+j4.48332156608115650620e-01
  -8.47897647952279731598e-01+j4.84321158306227517176e-01
  -8.36457088702570183969e-01+j5.19678891531093478662e-01
  -8.23665682258965081708e-01+j5.54331566840459366574e-01
  -8.09469963726528574099e-01+j5.87927454898988788301e-01
  -7.94054025611648950367e-01+j6.20641260893325164005e-01
  -7.77503893639060583709e-01+j6.52457351335420043803e-01
  -7.59890686389216862828e-01+j6.83329084108975082223e-01
  -7.41285485199240756771e-01+j7.13215308209516285487e-01
  -7.21897927067543521140e-01+j7.41678518808395526030e-01
  -7.01719797293053337839e-01+j7.69070865395838243472e-01
  -6.80791645396993994055e-01+j7.95413384950777957449e-01
  -6.59189161419128422104e-01+j8.20685213380912381709e-01
  -6.36984494092684538913e-01+j8.44877738737865646712e-01
  -6.14537185175182409935e-01+j8.67888229185102222374e-01
  -5.91646129744625270952e-01+j8.89825425637860822903e-01
  -5.68352448813178146025e-01+j9.10702160080395284325e-01
  -5.44716989222678193983e-01+j9.30526906334326886494e-01
  -5.20797893123451371977e-01+j9.49311652372699210645e-01
  -4.96548212505619979140e-01+j9.67066272585217268087e-01
  -4.72117624211925157596e-01+j9.83804320268747423128e-01
  -4.47561176049791842324e-01+j9.99546513058305885480e-01
  -4.22925707119903515618e-01+j1.01431570268008619529e+00
  -3.98254935645100394126e-01+j1.02813658144050057430e+00
  -3.73574728839435210581e-01+j1.04089045450897232925e+00
  -3.48945151777079354272e-01+j1.05274532669865528156e+00
  -3.24401042274052531234e-01+j1.06373361021297307971e+00
  -2.99973850684485843221e-01+j1.07388490564895677792e+00
  -2.75692198526187537411e-01+j1.08322929107560894657e+00
</dep>
<dep S[1,2] frequency>
  -2.15905550243042522853e-04-j2.39003211060221873192e-04
  -5.98636020014534607492e-03+j7.39829169860300658867e-03
  -4.05225446374474131822e-03+j8.72052562664708645623e-03
  -2.59568663444461125711e-03+j1.01148016939237965495e-02
  -1.05157964169689133876e-03+j1.14912528260368209526e-02
  +7.21113416325777352271e-04+j1.27561145952940577925e-02
  +2.83552522371023846617e-03+j1.36830026708153040110e-02
  +5.25647887444806796720e-03+j1.37142335855166101755e-02
  +7.00189673707383129775e-03+j1.19302677777365466472e-02
  +5.33053607282107239085e-03+j9.40881602847985429317e-03
  +1.39763923447588488819e-03+j1.05844877079218600835e-02
  -5.01159853731386628097e-04+j1.43899922811747127405e-02
  -6.18324045046785160905e-04+j1.81521192081831109211e-02
  -5.96419002304982535934e-05+j2.14025849088789604791e-02
  +6.91117425051536058908e-04+j2.42908980150922729213e-02
  +1.50968672311232771262e-03+j2.69402243821110984334e-02
  +2.65764574192588155441e-03+j2.92469984218731368641e-02
  +3.80260029409552110374e-03+j3.15025555705590667999e-02
  +4.93210816954134378953e-03+j3.37488815246997989061e-02
  +6.03959170599390783585e-03+j3.60131744470135600755e-02
  +7.17010175862140691772e-03+j3.82578425956606252289e-02
  +8.59267413604156149454e-03+j4.02113669136104565083e-02
  +1.00349418848611777327e-02+j4.22070281853967679830e-02
  +1.14960068033433011891e-02+j4.42554679150655438935e-02
  +1.29746729713884692559e-02+j4.63654979491882057729e-02
  +1.45040745951421981563e-02+j4.84782865052019867891e-02
  +1.62386098253968214067e-02+j5.03239135903491147106e-02
  +1.80212485901599314686e-02+j5.22245378127533244061e-02
  +1.98530594230140675083e-02+j5.41859332220604866803e-02
  +2.17348542555464430137e-02+j5.62135249199319647628e-02
  +2.37047393233617217922e-02+j5.82352170976639521571e-02
  +2.59003231901884511945e-02+j5.99888280201505558198e-02
  +2.81776174629762600488e-02+j6.17893129774779309438e-02
  +3.05396634883888760947e-02+j6.36402042640597798151e-02
  +3.29894222583492630063e-02+j6.55449616896011666434e-02
  +3.55334136818277399050e-02+j6.74048384094229069419e-02
  +3.81879345589612034795e-02+j6.89309730325810554596e-02
  +4.09459630761274534505e-02+j7.04803542534198912417e-02
  +4.38116473674225181956e-02+j7.20538548111514520755e-02
  +4.67891351099453123297e-02+j7.36522373927431805996e-02
  +4.98728028509286408498e-02+j7.51892378706535136068e-02
  +5.30454262873063520090e-02+j7.64589260393958580764e-02
  +5.63421297491498163090e-02+j7.77249152831505640826e-02
  +5.97672948701965106588e-02+j7.89855472402874042581e-02
  +6.33252508030373167935e-02+j8.02389755804625431912e-02
  +6.70233857558434342749e-02+j8.13748144512391885508e-02
  +7.08689239980260787810e-02+j8.21724631980755709781e-02
  +7.48552767057423240615e-02+j8.29164154532817804233e-02
  +7.89858256765976068925e-02+j8.36014830326893415569e-02
  +8.32637248269580965143e-02+j8.42222010400591747370e-02
  +8.76465387467731532611e-02+j8.46640777073332240210e-02
  +9.20567332828906570441e-02+j8.47439239756952455984e-02
  +9.66005540145995489354e-02+j8.47154721940040628114e-02
  +1.01278213593792298930e-01+j8.45711406471431614840e-02
  +1.06089421972592704013e-01+j8.43031841960492217547e-02
  +1.10963849790348317859e-01+j8.37929270704301787376e-02
  +1.15797367239325987853e-01+j8.28864939305665876512e-02
  +1.20730844926746017087e-01+j8.18153142706341957036e-02
  +1.25759772514625528528e-01+j8.05714410036034028861e-02
  +1.30878954015608311989e-01+j7.91471219925393154604e-02
  +1.36027343999271521646e-01+j7.74980992676359004001e-02
  +1.41137625823931633917e-01+j7.55788492475456125108e-02
  +1.46308679956087955842e-01+j7.34546616435972077319e-02
  +1.51532234581112729144e-01+j7.11193264152660681310e-02
  +1.56799420359548552506e-01+j6.85672554213942603285e-02
  +1.61970152500428038467e-01+j6.57001032121661693308e-02
  +1.66909055426388563959e-01+j6.24396703178111203703e-02
  +1.71828046037624332376e-01+j5.89505781519847268934e-02
  +1.76715367580267068703e-01+j5.52316387949534637336e-02
  +1.81559100898642605815e-01+j5.12826790475293115001e-02
  +1.86241433933050204441e-01+j4.70265537242867542878e-02
  +1.90670223042130437818e-01+j4.24179937560338060631e-02
  +1.94997612027814737345e-01+j3.75869984780662774737e-02
  +1.99211763195343061206e-01+j3.25383746172908661087e-02
  +2.03301319262861546200e-01+j2.72779539335090137619e-02
  +2.07144508663256232683e-01+j2.17810340120674073017e-02
  +2.10669319245422592690e-01+j1.60465242285585257820e-02
  +2.14024370716352441146e-01+j1.01319506547587947359e-02
  +2.17201335862612421312e-01+j4.04714490637118548544e-03
  +2.20192883106380687952e-01-j2.19746490110175711485e-03
  +2.22875332483169708020e-01-j8.63479551598525345291e-03
  +2.25193745249768539907e-01-j1.52629906446727324487e-02
  +2.27295132769602559186e-01-j2.20100618965892794177e-02
  +2.29176462083623744270e-01-j2.88639239051146079262e-02
  +2.30835823888487917666e-01-j3.58125411423359379937e-02
  +2.32196381020668474182e-01-j4.27334374392173838020e-02
  +2.33247493038672260024e-01-j4.95826833818681922406e-02
  +2.34083985721883325315e-01-j5.64788037668017203763e-02
  +2.34708317729432458520e-01-j6.34112561100254185087e-02
  +2.35123775935255019398e-01-j7.03700606993913346798e-02
  +2.35239776786157928079e-01-j7.74568521329521697538e-02
  +2.35036435592715975407e-01-j8.46723359530737046397e-02
  +2.34616820927055352852e-01-j9.18861514037442317360e-02
  +2.33986351315409901730e-01-j9.90905348857324674849e-02
  +2.33150823381456540062e-01-j1.06278544383135289952e-01
  +2.31927386137734892202e-01-j1.13346515173512185637e-01
  +2.30322833806900717502e-01-j1.20272541519380660180e-01
  +2.28531882092323640476e-01-j1.27143428704661803907e-01
  +2.26561336821074960080e-01-j1.33955280986646274588e-01
  +2.24417915160115472029e-01-j1.40704951732906619055e-01
  +2.22073066385636036513e-01-j1.47326170452192845017e-01
  +2.19538846292840511554e-01-j1.53819985581302165478e-01
  +2.16853850446621310155e-01-j1.60242037826340166795e-01
  +2.14023825854656402079e-01-j1.66591756917784217240e-01
  +2.11054154353786382892e-01-j1.72869083109241927776e-01
  +2.07820346105253767055e-01-j1.79019367389016081926e-01
  +2.04347739191812205473e-01-j1.85043805939504757418e-01
  +2.00746399832687660858e-01-j1.90985825195102820739e-01
  +1.97020057700123651934e-01-j1.96846517625705236254e-01
  +1.93171964377445604111e-01-j2.02627193365315649842e-01
  +1.89166679041817276108e-01-j2.08332730364199886219e-01
  +1.85013819952131591817e-01-j2.13961775535383036395e-01
  +1.80743048587407251215e-01-j2.19512733160091622064e-01
  +1.76355628536154274144e-01-j2.24987097907655253515e-01
  +1.71852352459509000182e-01-j2.30386321887711409406e-01
  +1.67132879732882128065e-01-j2.35638046042843385397e-01
  +1.62228924317135425603e-01-j2.40759735117238360402e-01
  +1.57208113019911721597e-01-j2.45800151834084712466e-01
  +1.52069672652148962788e-01-j2.50759742215182213076e-01
  +1.46812473095948359259e-01-j2.55638678442936195800e-01
  +1.41353191826542323728e-01-j2.60295334707700387611e-01
  +1.35726546152890342745e-01-j2.64773553226432145635e-01
  +1.29982360116085715607e-01-j2.69156567189281159536e-01
  +1.24119019507319044981e-01-j2.73442866389300875962e-01
  +1.18134761242295618922e-01-j2.77630513917932586487e-01
  +1.12042154541398930601e-01-j2.81608929455098244699e-01
  +1.05839281925105041515e-01-j2.85421352628398850015e-01
  +9.95178697852766025456e-02-j2.89124022848270656461e-01
  +9.30763144160918765024e-02-j2.92713300144454235951e-01
  +8.65131039966268167163e-02-j2.96185055983396339219e-01
  +7.98569304986008199343e-02-j2.99569558314861539294e-01
  +7.30887637432375975033e-02-j3.02846314633639146496e-01
  +6.61919811230059218499e-02-j3.05992643980711187535e-01
  +5.91657822697091648201e-02-j3.09002312717574390000e-01
  +5.20097379802136328131e-02-j3.11868596679300169594e-01
  +4.45521095858002619261e-02-j3.14465063376590914235e-01
  +3.68917868564078085813e-02-j3.16834921210319808704e-01
  +2.91080820140133811336e-02-j3.19020367395326798210e-01
  +2.12037347130749169455e-02-j3.21012724283951833559e-01
  +1.31822289868625056042e-02-j3.22803045691263501560e-01
  +5.06713245492144623294e-03-j3.24237486592775792094e-01
  -3.13840455099699544572e-03-j3.25391770833687976605e-01
  -1.14341098333155255506e-02-j3.26314420163307472578e-01
  -1.98126763909239715644e-02-j3.26996720757177117278e-01
  -2.82658657593568077293e-02-j3.27430132970276177584e-01
  -3.68139677033886697499e-02-j3.27538508490631707915e-01
  -4.54240600266149485709e-02-j3.27353825455714342318e-01
  -5.40737430034127081191e-02-j3.26892255806774723048e-01
  -6.27506566711150542970e-02-j3.26147207144027895254e-01
  -7.14415617819931375587e-02-j3.25112835374932851451e-01
  -8.01122045495025608686e-02-j3.23737000069413860537e-01
  -8.87589914137035113084e-02-j3.22048269994614277945e-01
  -9.73723321164909338954e-02-j3.20058551714887784545e-01
  -1.05936136392872123912e-01-j3.17766224119735762876e-01
  -1.14433857754641682414e-01-j3.15170919550796180264e-01
  -1.22828587029154792654e-01-j3.12149994655164686463e-01
  -1.31109330348363917196e-01-j3.08795532670146644083e-01
  -1.39263360391802371030e-01-j3.05145471856255456888e-01
  -1.47273670512402754529e-01-j3.01205662742178081892e-01
  -1.55123564487984560989e-01-j2.96983404895676206259e-01
  -1.62761032821120754654e-01-j2.92370889405649703185e-01
  -1.70189733986966990065e-01-j2.87469628206076688315e-01
  -1.77402616384872924282e-01-j2.82319179534146535993e-01
  -1.84386061614146001819e-01-j2.76932777427208898224e-01
  -1.91127539247179123461e-01-j2.71324766610806900058e-01
  -1.97526949479473246107e-01-j2.65402314733973743177e-01
  -2.03639058309319026518e-01-j2.59274498299459144057e-01
  -2.09472918547080555474e-01-j2.52980657152167220936e-01
  -2.15021925898917165565e-01-j2.46538510346246964033e-01
  -2.20280956512990622187e-01-j2.39966129015509954669e-01
  -2.25215907797091746678e-01-j2.33283237222773970343e-01
  -2.29850392704121997411e-01-j2.26507938738976399851e-01
  -2.34188839100596957188e-01-j2.19658195795037536335e-01
  -2.38231995532493107115e-01-j2.12751887698936631432e-01
  -2.41981965079363703364e-01-j2.05806518313844555301e-01
  -2.45383980781605059995e-01-j1.98747958748046682498e-01
  -2.48489106753880861778e-01-j1.91676006302585411056e-01
  -2.51311002420134321778e-01-j1.84618980221528283803e-01
  -2.53856629191357485720e-01-j1.77591860782065014135e-01
  -2.56133524773677234698e-01-j1.70609285626889317644e-01
  -2.58041157344118032846e-01-j1.63655097990627607096e-01
  -2.59691935946740393160e-01-j1.56768049507506973539e-01
  -2.61102148288305302426e-01-j1.49965494104801921882e-01
  -2.62284601338457379338e-01-j1.43258669053308002050e-01
  -2.63250799785812450438e-01-j1.36656026522307127991e-01
  -2.63957605824492957947e-01-j1.30210537706817119918e-01
  -2.64469413851992019016e-01-j1.23887195027526819668e-01
  -2.64801805713450355562e-01-j1.17688226497894538047e-01
  -2.64966059402813369772e-01-j1.11618460590567042390e-01
  -2.64973368162802369596e-01-j1.05681888400915871551e-01
  -2.64860713615497622708e-01-j9.98360544383282144665e-02
  -2.64611256337805245131e-01-j9.41262672748367501541e-02
  -2.64234365850443575496e-01-j8.85566800940563586542e-02
  -2.63740507007801161521e-01-j8.31285137565013210192e-02
  -2.63139837133298248872e-01-j7.78423701291793002088e-02
  -2.62411984722712043894e-01-j7.26516363355421274095e-02
  -2.61594452338464400487e-01-j6.76032322386640321943e-02
  -2.60697170744690787103e-01-j6.26973039424650047113e-02
  -2.59728960969769107070e-01-j5.79324135228384273777e-02
  -2.58698244864747017857e-01-j5.33067438664323670072e-02
</dep>
<dep S[2,1] frequency>
  +4.55747430008103006360e-03-j6.19342301530473315907e-02
  -1.73942497132230955437e+00-j1.34093876737239048325e+00
  -1.94279411833176007818e+00-j2.28954901089520079793e+00
  -2.44837714650517135340e+00-j3.46444113478471038547e+00
  -3.34067662940481113765e+00-j4.82574091914596614572e+00
  -4.88740798281016353144e+00-j6.38630058796405908339e+00
  -7.63271544365099785523e+00-j8.00453884936929149774e+00
  -1.25166290569760292328e+01-j8.82893741992368319416e+00
  -1.97947392583996091275e+01-j5.82633807221855715142e+00
  -2.37093044485089876616e+01+j4.34574793238516043914e+00
  -1.80273051898576568419e+01+j1.33987946836446045751e+01
  -1.06879200240988865289e+01+j1.52079770046824265251e+01
  -6.08457697611304482166e+00+j1.39708790758500125406e+01
  -3.50022690087039656248e+00+j1.22978158002516977376e+01
  -1.99586320814700579618e+00+j1.08265163258176517758e+01
  -1.06672573082447819104e+00+j9.62879960795067191270e+00
  -4.76585810679159171954e-01+j8.65619866588819419917e+00
  -6.58839124329418934778e-02+j7.86636912119242381891e+00
  +2.33774317468309567047e-01+j7.21551807070978412639e+00
  +4.61572347034365781937e-01+j6.67126282321992292168e+00
  +6.38716984099750417769e-01+j6.20978556735402698052e+00
  +7.69931961111574914014e-01+j5.81221025722410100656e+00
  +8.79474697965229923469e-01+j5.46619927507226854857e+00
  +9.73336165453063006936e-01+j5.16207698307070650401e+00
  +1.05566305613602873237e+00+j4.89242874446493569707e+00
  +1.12806937647026872540e+00+j4.65167624835436477326e+00
  +1.18773387667891494601e+00+j4.43557776464756159385e+00
  +1.24289167308994241701e+00+j4.23930002479082190803e+00
  +1.29464381745858836403e+00+j4.05995195540999542771e+00
  +1.34383216914668102149e+00+j3.89516569390304878695e+00
  +1.39003535402461286807e+00+j3.74303801721393458735e+00
  +1.43038251530416848922e+00+j3.60188130066855816125e+00
  +1.46980013308797374805e+00+j3.46993717841280258085e+00
  +1.50858198803168264135e+00+j3.34604254185389393683e+00
  +1.54696487666387860749e+00+j3.22919897350134554870e+00
  +1.58415723905209926414e+00+j3.11883393738397618478e+00
  +1.61767457208831455517e+00+j3.01482653017244484062e+00
  +1.65116027842118695546e+00+j2.91538335634471001967e+00
  +1.68469620962564681221e+00+j2.81992896874346588021e+00
  +1.71834607002294648126e+00+j2.72795127639216250515e+00
  +1.75143096016021670991e+00+j2.63920351815194864642e+00
  +1.78235075323366687350e+00+j2.55369179457853157089e+00
  +1.81338916829327123637e+00+j2.47035182997795610405e+00
  +1.84454618054021279860e+00+j2.38884927985362072178e+00
  +1.87581251552558336826e+00+j2.30887919625114168554e+00
  +1.90636470131640312076e+00+j2.23042892159956318565e+00
  +1.93465637181646732401e+00+j2.15370521181153407042e+00
  +1.96285135876453686876e+00+j2.07772460450860441128e+00
  +1.99089572816989424098e+00+j2.00227680623329451493e+00
  +2.01872849500778217546e+00+j1.92716873029804647288e+00
  +2.04566145673446975195e+00+j1.85262692539704731942e+00
  +2.07064789159831086351e+00+j1.77912607159409397184e+00
  +2.09511265721090822467e+00+j1.70554679987215473957e+00
  +2.11896469032234380236e+00+j1.63176550742294645957e+00
  +2.14210753323673230852e+00+j1.55767257397544600650e+00
  +2.16388733255670917544e+00+j1.48366845478132614033e+00
  +2.18349787886330792830e+00+j1.41033287642817950491e+00
  +2.20203808169830139718e+00+j1.33653622633759194827e+00
  +2.21939623922041739945e+00+j1.26223259527788322920e+00
  +2.23545875400270954714e+00+j1.18738992367248341608e+00
  +2.24978531568160455834e+00+j1.11231096816502250668e+00
  +2.26193944975106386863e+00+j1.03734430466445437524e+00
  +2.27245568271077891254e+00+j9.61881963537660977792e-01
  +2.28122441349197657701e+00+j8.85949548064686065452e-01
  +2.28813943750965620438e+00+j8.09586002338536614431e-01
  +2.29273380545457783342e+00+j7.33552947648550945914e-01
  +2.29464818283419313971e+00+j6.58540364615640805290e-01
  +2.29446350525967623923e+00+j5.83387510573894596533e-01
  +2.29210507346878156198e+00+j5.08182931345327881800e-01
  +2.28750746274383409684e+00+j4.33024830500166935110e-01
  +2.28028490899219171695e+00+j3.58560538796191763389e-01
  +2.27021976556460280960e+00+j2.85282127628301740430e-01
  +2.25783054089822821098e+00+j2.12455852799353778204e-01
  +2.24310147092278278080e+00+j1.40205016942085980425e-01
  +2.22602943064050506905e+00+j6.86558352092015156121e-02
  +2.20652313160370416867e+00-j1.54091646602759480000e-03
  +2.18459763257477934673e+00-j6.99953666946657726555e-02
  +2.16045371185458279228e+00-j1.37340398495846782723e-01
  +2.13414018952186701483e+00-j2.03456167444402730160e-01
  +2.10571734079002270690e+00-j2.68227252255218595600e-01
  +2.07514815847289968431e+00-j3.30998178582161295402e-01
  +2.04251776405307694517e+00-j3.91474529636649470898e-01
  +2.00807509393369798545e+00-j4.50282334399651928969e-01
  +1.97191760469841348424e+00-j5.07338371712592328677e-01
  +1.93414914766594492335e+00-j5.62568686474919310569e-01
  +1.89520078021791693601e+00-j6.15600387423028805323e-01
  +1.85527207349693989968e+00-j6.66338675981413053329e-01
  +1.81409696382131624404e+00-j7.15120035281858967835e-01
  +1.77179078549652913033e+00-j7.61910749067981840632e-01
  +1.72846952067355852378e+00-j8.06687041753853417703e-01
  +1.68411153781040034971e+00-j8.49009772819682928535e-01
  +1.63884567736738473442e+00-j8.88826810302247527495e-01
  +1.59294270397059500866e+00-j9.26607252936721192960e-01
  +1.54650976189286293305e+00-j9.62365984540390018154e-01
  +1.49964987977263009000e+00-j9.96125479612046893507e-01
  +1.45276439941847534953e+00-j1.02746303433590879806e+00
  +1.40596608230110575732e+00-j1.05643886517422869176e+00
  +1.35904555681073424545e+00-j1.08355068665394993488e+00
  +1.31208203035260773106e+00-j1.10884295687477463233e+00
  +1.26514889680748510159e+00-j1.13236391635078037510e+00
  +1.21848951752670453530e+00-j1.15401275034906891648e+00
  +1.17215405163898100938e+00-j1.17386809795714408544e+00
  +1.12604012994073277021e+00-j1.19212609006375647169e+00
  +1.08019712201536810525e+00-j1.20884303365093725979e+00
  +1.03466880946828454491e+00-j1.22407595244489941777e+00
  +9.89676766428701726319e-01-j1.23758966517728352663e+00
  +9.45228896052502376435e-01-j1.24950380445808839625e+00
  +9.01204100710377931094e-01-j1.26011734748053760846e+00
  +8.57625249330599470632e-01-j1.26948430132292244821e+00
  +8.14510985969536083218e-01-j1.27765730266480459498e+00
  +7.71952582548130594731e-01-j1.28457474783483993619e+00
  +7.29946008863393225319e-01-j1.29031957230405813775e+00
  +6.88442575324328620567e-01-j1.29502419651640243714e+00
  +6.47446574433673038840e-01-j1.29873316699519181228e+00
  +6.06959619477682954525e-01-j1.30148861882021127379e+00
  +5.67141368144312485455e-01-j1.30312395465220576263e+00
  +5.27939441951797205910e-01-j1.30374808753408988338e+00
  +4.89241223754436960203e-01-j1.30353550181528810015e+00
  +4.51040818194891002246e-01-j1.30251682652268918616e+00
  +4.13331193841009580936e-01-j1.30072003299975480495e+00
  +3.76359951471701426051e-01-j1.29798802906432753090e+00
  +3.40026356282479125248e-01-j1.29441751729912613023e+00
  +3.04167330310625927403e-01-j1.29014097001210847893e+00
  +2.68774948217201825607e-01-j1.28517574614296914426e+00
  +2.33841417725440453568e-01-j1.27953687314988440171e+00
  +1.99580505100114352635e-01-j1.27319232433019813300e+00
  +1.65891106501492080483e-01-j1.26618011987204770463e+00
  +1.32645843869351132138e-01-j1.25853568065057719316e+00
  +9.98397374192575709495e-02-j1.25026622450347901783e+00
  +6.74688514386192206285e-02-j1.24137725647361407688e+00
  +3.55994336030910768498e-02-j1.23193331960658380986e+00
  +4.19080560693676357209e-03-j1.22191158418695633436e+00
  -2.67926851361356410663e-02-j1.21128387478527010934e+00
  -5.73498158330109641945e-02-j1.20005006601505348485e+00
  -8.74776239025896185098e-02-j1.18820910843786053945e+00
  -1.17072296645102019719e-01-j1.17551685759315671653e+00
  -1.46170261249778166146e-01-j1.16210067986998510925e+00
  -1.74803612061721680426e-01-j1.14806576425310158385e+00
  -2.02960107754126206636e-01-j1.13340996335472876666e+00
  -2.30625421771669780746e-01-j1.11813151817946176969e+00
  -2.57543892380327543723e-01-j1.10219780086936980368e+00
  -2.83836166436463643858e-01-j1.08563817684368890681e+00
  -3.09576679797208764722e-01-j1.06846869980043623904e+00
  -3.34743509693189722487e-01-j1.05069263242299237859e+00
  -3.59313098729384328145e-01-j1.03231495420971119970e+00
  -3.83158868044935041475e-01-j1.01328639201884129761e+00
  -4.06316117360864481611e-01-j9.93655064832429602006e-01
  -4.28792692510957307306e-01-j9.73453180780323945598e-01
  -4.50560357201510996994e-01-j9.52695325087746458514e-01
  -4.71590414494437448756e-01-j9.31398872442345870937e-01
  -4.91739820403336969079e-01-j9.09605103517825974713e-01
  -5.11059947996062580167e-01-j8.87328218945483970792e-01
  -5.29558747930161222151e-01-j8.64588752228642176689e-01
  -5.47209338886622598253e-01-j8.41416105838708849873e-01
  -5.63986124419963097409e-01-j8.17842697450378075530e-01
  -5.79675340519274162610e-01-j7.93870454418122761808e-01
  -5.94390390943479784980e-01-j7.69571997768878413027e-01
  -6.08163714923720122307e-01-j7.44998806173665428787e-01
  -6.20979290893288182751e-01-j7.20194407121489965640e-01
  -6.32824156643759905272e-01-j6.95204367449656746025e-01
  -6.43511932051713753111e-01-j6.70071550869088983227e-01
  -6.53171712811681737243e-01-j6.44858796159918590263e-01
  -6.61843453509895707221e-01-j6.19617947452117512341e-01
  -6.69529544732705650389e-01-j5.94399168985834669421e-01
  -6.76236274349000354711e-01-j5.69252697474941893319e-01
  -6.81772487852674968778e-01-j5.44290794033625457971e-01
  -6.86319962078771772518e-01-j5.19523686373743798228e-01
  -6.89938047512313690213e-01-j4.94987201014132849330e-01
  -6.92648902970063984341e-01-j4.70726937667637956864e-01
  -6.94477995251447710601e-01-j4.46786521631999389292e-01
  -6.95437336043881360048e-01-j4.23285426034586631516e-01
  -6.95575998737245182468e-01-j4.00195452055664591118e-01
  -6.94930556928720299936e-01-j3.77539223680364965929e-01
  -6.93536667083507585296e-01-j3.55349522068314827017e-01
  -6.91431798096652783236e-01-j3.33656020523600271854e-01
  -6.88527672132050350129e-01-j3.12500172731664360715e-01
  -6.84978823572760964211e-01-j2.91898352018415296882e-01
  -6.80843745447972992224e-01-j2.71868272829664525680e-01
  -6.76163684862174041434e-01-j2.52426148638651537404e-01
  -6.70979600097431183592e-01-j2.33586327992735542924e-01
  -6.65229471311360676111e-01-j2.15476812594746769403e-01
  -6.59061457058174982038e-01-j1.97985677198691950585e-01
  -6.52516640692515137445e-01-j1.81113792124091399494e-01
  -6.45639301315178215646e-01-j1.64863559645310187030e-01
  -6.38468012952343788591e-01-j1.49232013994410800395e-01
  -6.31049655570816270256e-01-j1.34317823505653466398e-01
  -6.23412028626812775300e-01-j1.20013810743226326250e-01
  -6.15587416113311358679e-01-j1.06303708559998141836e-01
  -6.07607216901220992256e-01-j9.31777544120116624216e-02
  -5.99501192344588762495e-01-j8.06247389408703413194e-02
  -5.91269265568844959446e-01-j6.85989916117629994208e-02
  -5.82963365803383370967e-01-j5.71206208895068401343e-02
  -5.74609789719019770082e-01-j4.61767785084308823862e-02
  -5.66231762370878577428e-01-j3.57521276686949274204e-02
  -5.57850834570115527988e-01-j2.58307053319199730890e-02
  -5.49440610664339468272e-01-j1.64101725490672922803e-02
  -5.41066146918001256161e-01-j7.46073722288007057379e-03
  -5.32745311401912391425e-01+j1.03512728720644986424e-03
  -5.24493342746306323576e-01+j9.09472442991693386105e-03
  -5.16324064139473071222e-01+j1.67353689305864417047e-02
</dep>
<dep S[2,2] frequency>
  +9.95329598547091021210e-01-j6.34146318776933337613e-02
  +9.45371002116919934011e-01+j8.66154665863007877658e-02
  +9.72205153690026802060e-01-j3.43803939468549854541e-02
  +9.70968156773614698984e-01-j1.10360945436826785038e-01
  +9.60380915734657669702e-01-j1.81942321063070733267e-01
  +9.37214865617828518651e-01-j2.59916440997636277732e-01
  +8.88992252636845670111e-01-j3.49672722713775752101e-01
  +7.86897660319475611423e-01-j4.44471810984349791074e-01
  +5.92957025561268502578e-01-j4.83745949364586258490e-01
  +3.92432896058022673280e-01-j3.35501745464967027210e-01
  +4.05677158897551959349e-01-j1.07378932930925541367e-01
  +5.31405214557872040970e-01-j1.38249491338857180556e-02
  +6.31961253396871924792e-01-j1.37987336915402422632e-02
  +6.94352115993621343826e-01-j4.46871537930185469545e-02
  +7.31475110548047480208e-01-j8.30021160097889482143e-02
  +7.53257212962697986214e-01-j1.21373302329415580503e-01
  +7.65570657342341087670e-01-j1.55740344820352483168e-01
  +7.71496980240015561847e-01-j1.88689128510772907710e-01
  +7.72938500892325297542e-01-j2.20283011164896347367e-01
  +7.71069477287326221493e-01-j2.50708497952448539081e-01
  +7.66781540322352017647e-01-j2.79880289622469691224e-01
  +7.61165597055268983162e-01-j3.06577692785863775704e-01
  +7.53683332265706829034e-01-j3.32600852940225899523e-01
  +7.44575133970274305462e-01-j3.58052644447740930911e-01
  +7.34012059572209718539e-01-j3.83017723176778068783e-01
  +7.22261679279035506696e-01-j4.07348002481479509740e-01
  +7.09958809448907102180e-01-j4.30206742466109626211e-01
  +6.96441860586424654755e-01-j4.52674673594151089073e-01
  +6.81757406566461332531e-01-j4.74777207980794146991e-01
  +6.65937968002258573463e-01-j4.96532961539952910623e-01
  +6.49173974283499544136e-01-j5.17753202498227649286e-01
  +6.32017447125368669880e-01-j5.37757213772025122189e-01
  +6.13768347099359345975e-01-j5.57358222884422271903e-01
  +5.94430568754323207514e-01-j5.76546031913340639719e-01
  +5.74003730122953581549e-01-j5.95306599834907079760e-01
  +5.52703285598377558330e-01-j6.13487005896349413270e-01
  +5.31129870661549374766e-01-j6.30675394055970062190e-01
  +5.08503979366495384440e-01-j6.47311759268449082860e-01
  +4.84821491599478793244e-01-j6.63363207018353606692e-01
  +4.60077581564262261260e-01-j6.78793395693521817158e-01
  +4.34467195696731978138e-01-j6.93448046102659976242e-01
  +4.08452620704089608417e-01-j7.07019607883960121697e-01
  +3.81419838094090413172e-01-j7.19813724720286818304e-01
  +3.53370979698394871438e-01-j7.31778943249809077365e-01
  +3.24310012638573175181e-01-j7.42860688464540563913e-01
  +2.94503679331695855659e-01-j7.52888946036137429729e-01
  +2.64474523053120857963e-01-j7.61589899384455870646e-01
  +2.33538957467078367447e-01-j7.69207788170383821580e-01
  +2.01719857234512023325e-01-j7.75677180453250847414e-01
  +1.69044463820784918173e-01-j7.80930664364066218219e-01
  +1.35821063034741507103e-01-j7.84879839631605791261e-01
  +1.02539061705978748473e-01-j7.87443483098513974383e-01
  +6.85829681400724061602e-02-j7.88611638752780175210e-01
  +3.40054161753697639647e-02-j7.88317623191901906132e-01
  -1.13476353358660936310e-03-j7.86495408165370446518e-01
  -3.64909722647836567977e-02-j7.83130130151585945875e-01
  -7.16147824771495994378e-02-j7.78253293000693013859e-01
  -1.07031794654972589598e-01-j7.71716690882468636659e-01
  -1.42656290240855077034e-01-j7.63469961673841956973e-01
  -1.78396299001487457225e-01-j7.53467274991895363812e-01
  -2.13999339124210818941e-01-j7.41695747401263094645e-01
  -2.49196493169584226690e-01-j7.28168862988284204540e-01
  -2.84179792488631066671e-01-j7.12816305048439291525e-01
  -3.18836317058696083748e-01-j6.95620534988245053931e-01
  -3.53049168873280083680e-01-j6.76572427907886853049e-01
  -3.86422448114982275413e-01-j6.55908275373554228160e-01
  -4.18616210612840045080e-01-j6.33879582080691172941e-01
  -4.50004087647142003714e-01-j6.10112215394433943239e-01
  -4.80467535269199386150e-01-j5.84639465021150828150e-01
  -5.09889145680633371072e-01-j5.57504886113891040544e-01
  -5.37906034923897102829e-01-j5.28942455999429017588e-01
  -5.64260124337758961488e-01-j4.99171481617477930115e-01
  -5.89250922590243142452e-01-j4.67995656136770188382e-01
  -6.12781746770640789457e-01-j4.35499171566499088115e-01
  -6.34762712721294142248e-01-j4.01774764677768236876e-01
  -6.54990232337638200732e-01-j3.67144292404436800581e-01
  -6.73356894114531812079e-01-j3.31845589876713253918e-01
  -6.89988251539207286811e-01-j2.95679078013170171246e-01
  -7.04833299441978256006e-01-j2.58761408198156739324e-01
  -7.17851251796030265240e-01-j2.21212875959459709385e-01
  -7.28886353007527132419e-01-j1.83421533053219398823e-01
  -7.37906283637378979101e-01-j1.45623477694704461793e-01
  -7.45081977006192164303e-01-j1.07599297043312669420e-01
  -7.50417441843062804629e-01-j6.94696892075728211768e-02
  -7.53926614675547113187e-01-j3.13532042164928748118e-02
  -7.55829301492601746126e-01+j6.50596689659853344434e-03
  -7.56216841509853021641e-01+j4.39911647996503313296e-02
  -7.54898625775527021275e-01+j8.11601821374251797270e-02
  -7.51920660712944721737e-01+j1.17913389965745393773e-01
  -7.47335775050022910193e-01+j1.54157029313925830749e-01
  -7.41038923130386772975e-01+j1.89558848417993280888e-01
  -7.33104477040882551719e-01+j2.23990074068115385675e-01
  -7.23791259720391377819e-01+j2.57638461566597032348e-01
  -7.13173227503933415683e-01+j2.90440223470578795517e-01
  -7.01326873536279316035e-01+j3.22338896641571670543e-01
  -6.88557681437987900708e-01+j3.53013042382058050972e-01
  -6.74974895334496394206e-01+j3.82447041340984839053e-01
  -6.60439898998701591104e-01+j4.10886903491622157425e-01
  -6.45029244305815541161e-01+j4.38305982795805570973e-01
  -6.28818688941245262924e-01+j4.64683703042658713400e-01
  -6.11977615088662552090e-01+j4.89965742024293438028e-01
  -5.94572638285789656365e-01+j5.14155935716481216069e-01
  -5.76588854370817083250e-01+j5.37288413467906234011e-01
  -5.58093985327577701838e-01+j5.59363122698170123215e-01
  -5.39153254336881881947e-01+j5.80384173898666699820e-01
  -5.19975031385378816395e-01+j6.00189717581594894824e-01
  -5.00607381534527107192e-01+j6.18835954156794820769e-01
  -4.80990062728837708406e-01+j6.36481526023752852694e-01
  -4.61175503252284291200e-01+j6.53143754654522679104e-01
  -4.41213155647889321287e-01+j6.68842194182071247965e-01
  -4.21159573495945960264e-01+j6.83541981043572777210e-01
  -4.01061325401506185706e-01+j6.97281397808865222032e-01
  -3.80952893017521665442e-01+j7.10127522968396762693e-01
  -3.60871911633856345958e-01+j7.22106230275544880293e-01
  -3.40853271903115317976e-01+j7.33244254910760617783e-01
  -3.21076176061402374096e-01+j7.43467404565089751145e-01
  -3.01528491592359004780e-01+j7.52849108749807816032e-01
  -2.82138665637223118310e-01+j7.61489498512940232722e-01
  -2.62930907815746572886e-01+j7.69416784189101754521e-01
  -2.43927267238333078669e-01+j7.76659200490262602301e-01
  -2.25352091396872539208e-01+j7.83245507230659554487e-01
  -2.07141992506442079724e-01+j7.89218653938870584597e-01
  -1.89186762382692830187e-01+j7.94609209452360576442e-01
  -1.71500272214462734510e-01+j7.99444184019429182619e-01
  -1.54094800454685265656e-01+j8.03750224002551250102e-01
  -1.37068920948761441281e-01+j8.07622578414041059069e-01
  -1.20386319366481364668e-01+j8.11061286920455093430e-01
  -1.04004914507679471769e-01+j8.14054180771945135042e-01
  -8.79313806237107531416e-02+j8.16625665134273259760e-01
  -7.21712213397159157990e-02+j8.18799644205315257928e-01
  -5.66901708982335134079e-02+j8.20601384269549982697e-01
  -4.15125318557247463547e-02+j8.22049204276144029890e-01
  -2.66604193966912678126e-02+j8.23163946994747930397e-01
  -1.21354425953224404067e-02+j8.23967598642558751720e-01
  +2.06169845568265897029e-03+j8.24481611472548170383e-01
  +1.57580624155751886084e-02+j8.24661202061648057615e-01
  +2.90484185054151883287e-02+j8.24577310137176389127e-01
  +4.20123224608137668667e-02+j8.24281650661132014868e-01
  +5.46532138378038392923e-02+j8.23793399649722646316e-01
  +6.69752887384268413840e-02+j8.23131141144936906429e-01
  +7.88964410935708987394e-02+j8.22386090696498817110e-01
  +9.04816786257552768680e-02+j8.21536062332374639183e-01
  +1.01773351598566749732e-01+j8.20568860009470935069e-01
  +1.12778598855346884333e-01+j8.19500022810126793615e-01
  +1.23505180029061412128e-01+j8.18344392035870948909e-01
  +1.33903490899559357574e-01+j8.17127358884570664799e-01
  +1.44021666378811474818e-01+j8.15858701395421048730e-01
  +1.53890112291317299187e-01+j8.14547419312916520795e-01
  +1.63518968659946473121e-01+j8.13205105005732398205e-01
  +1.72918815043369339390e-01+j8.11842494837215822301e-01
  +1.82078576649383178099e-01+j8.10496392598673565111e-01
  +1.91026671736868935980e-01+j8.09157665321308949835e-01
  +1.99781793443971789070e-01+j8.07825868644670430641e-01
  +2.08355712142105131690e-01+j8.06507927687916348347e-01
  +2.16760339103041876907e-01+j8.05209800243275486409e-01
  +2.24948478457742545578e-01+j8.03991820534222023653e-01
  +2.32980379476706578323e-01+j8.02819638505610999601e-01
  +2.40884645812355024930e-01+j8.01681069859772055253e-01
  +2.48672977001406142472e-01+j8.00577764190381069298e-01
  +2.56356804141043115308e-01+j7.99510440652595244515e-01
  +2.63905346959286191133e-01+j7.98534202958323113819e-01
  +2.71366201238966264775e-01+j7.97606208607812505740e-01
  +2.78759749492549002703e-01+j7.96711341120005522853e-01
  +2.86095453297757151834e-01+j7.95846650144133027638e-01
  +2.93382144043938697386e-01+j7.95008525204617400028e-01
  +3.00608219827198042129e-01+j7.94262071294691285317e-01
  +3.07801425226626956810e-01+j7.93545066704863688578e-01
  +3.14972463710141536986e-01+j7.92838142578785820547e-01
  +3.22126902803536618869e-01+j7.92135612286455681463e-01
  +3.29269536771091053673e-01+j7.91431560751184037805e-01
  +3.36412245037381485435e-01+j7.90730516926181903337e-01
  +3.43551580784007215552e-01+j7.90016902937282328168e-01
  +3.50688729238821661482e-01+j7.89282835190420639648e-01
  +3.57825495001086124613e-01+j7.88522315125803507918e-01
  +3.64963022368881617741e-01+j7.87729481835977241033e-01
  +3.72079838097099768746e-01+j7.86939327263644905486e-01
  +3.79197596885499033093e-01+j7.86109948946407732784e-01
  +3.86318653191148109194e-01+j7.85230534502534327501e-01
  +3.93441797186924235863e-01+j7.84296088971556892844e-01
  +4.00565332493693526672e-01+j7.83301525365764361730e-01
  +4.07693438346830083763e-01+j7.82285508561340381384e-01
  +4.14818625957664499637e-01+j7.81208009967348959712e-01
  +4.21939112777115488129e-01+j7.80056765310505384470e-01
  +4.29050014314339422938e-01+j7.78829220965805424370e-01
  +4.36148106911334099145e-01+j7.77523487706791360807e-01
  +4.43251431353639147037e-01+j7.76148369330378895548e-01
  +4.50335936927379387740e-01+j7.74691965824594652723e-01
  +4.57396763648470094932e-01+j7.73152455183489628610e-01
  +4.64430756392252841458e-01+j7.71529191817877380011e-01
  +4.71434821659032610164e-01+j7.69821849817753145473e-01
  +4.78386089705864103738e-01+j7.68030781239947724082e-01
  +4.85301438773090509926e-01+j7.66156382979247707610e-01
  +4.92179075013903954972e-01+j7.64199057321437003054e-01
  +4.99016333340529416596e-01+j7.62159445607631158559e-01
  +5.05810703942045747361e-01+j7.60038398491906019849e-01
  +5.12549611437684515813e-01+j7.57851410987922968765e-01
  +5.19241415632380687306e-01+j7.55585096235314224167e-01
  +5.25884304227460130932e-01+j7.53240437757984437894e-01
  +5.32476393773815059873e-01+j7.50818896495481058473e-01
  +5.39015986774305511098e-01+j7.48322031991151659369e-01
</dep>
