<Qucs Dataset 1.0.6>
<indep frequency 200>
  +1.00000000000000000000e+07
  +3.00502512562814056873e+07
  +5.01005025125628113747e+07
  +7.01507537688442170620e+07
  +9.02010050251256227493e+07
  +1.10251256281407028437e+08
  +1.30301507537688434124e+08
  +1.50351758793969839811e+08
  +1.70402010050251245499e+08
  +1.90452261306532651186e+08
  +2.10502512562814056873e+08
  +2.30552763819095462561e+08
  +2.50603015075376868248e+08
  +2.70653266331658244133e+08
  +2.90703517587939679623e+08
  +3.10753768844221115112e+08
  +3.30804020100502490997e+08
  +3.50854271356783866882e+08
  +3.70904522613065302372e+08
  +3.90954773869346737862e+08
  +4.11005025125628113747e+08
  +4.31055276381909489632e+08
  +4.51105527638190925121e+08
  +4.71155778894472360611e+08
  +4.91206030150753736496e+08
  +5.11256281407035112381e+08
  +5.31306532663316547871e+08
  +5.51356783919597983360e+08
  +5.71407035175879359245e+08
  +5.91457286432160735130e+08
  +6.11507537688442230225e+08
  +6.31557788944723606110e+08
  +6.51608040201004981995e+08
  +6.71658291457286357880e+08
  +6.91708542713567733765e+08
  +7.11758793969849228859e+08
  +7.31809045226130604744e+08
  +7.51859296482411980629e+08
  +7.71909547738693475723e+08
  +7.91959798994974851608e+08
  +8.12010050251256227493e+08
  +8.32060301507537603378e+08
  +8.52110552763818979263e+08
  +8.72160804020100474358e+08
  +8.92211055276381850243e+08
  +9.12261306532663226128e+08
  +9.32311557788944721222e+08
  +9.52361809045226097107e+08
  +9.72412060301507472992e+08
  +9.92462311557788848877e+08
  +1.01251256281407022476e+09
  +1.03256281407035171986e+09
  +1.05261306532663309574e+09
  +1.07266331658291447163e+09
  +1.09271356783919596672e+09
  +1.11276381909547734261e+09
  +1.13281407035175871849e+09
  +1.15286432160804009438e+09
  +1.17291457286432147026e+09
  +1.19296482412060284615e+09
  +1.21301507537688446045e+09
  +1.23306532663316583633e+09
  +1.25311557788944721222e+09
  +1.27316582914572858810e+09
  +1.29321608040200996399e+09
  +1.31326633165829133987e+09
  +1.33331658291457271576e+09
  +1.35336683417085409164e+09
  +1.37341708542713546753e+09
  +1.39346733668341708183e+09
  +1.41351758793969845772e+09
  +1.43356783919597983360e+09
  +1.45361809045226120949e+09
  +1.47366834170854258537e+09
  +1.49371859296482396126e+09
  +1.51376884422110533714e+09
  +1.53381909547738695145e+09
  +1.55386934673366832733e+09
  +1.57391959798994970322e+09
  +1.59396984924623107910e+09
  +1.61402010050251245499e+09
  +1.63407035175879383087e+09
  +1.65412060301507520676e+09
  +1.67417085427135658264e+09
  +1.69422110552763795853e+09
  +1.71427135678391957283e+09
  +1.73432160804020094872e+09
  +1.75437185929648232460e+09
  +1.77442211055276370049e+09
  +1.79447236180904507637e+09
  +1.81452261306532645226e+09
  +1.83457286432160782814e+09
  +1.85462311557788944244e+09
  +1.87467336683417081833e+09
  +1.89472361809045219421e+09
  +1.91477386934673357010e+09
  +1.93482412060301494598e+09
  +1.95487437185929632187e+09
  +1.97492462311557769775e+09
  +1.99497487437185907364e+09
  +2.01502512562814044952e+09
  +2.03507537688442206383e+09
  +2.05512562814070343971e+09
  +2.07517587939698481560e+09
  +2.09522613065326619148e+09
  +2.11527638190954756737e+09
  +2.13532663316582894325e+09
  +2.15537688442211055756e+09
  +2.17542713567839193344e+09
  +2.19547738693467330933e+09
  +2.21552763819095468521e+09
  +2.23557788944723606110e+09
  +2.25562814070351743698e+09
  +2.27567839195979881287e+09
  +2.29572864321608018875e+09
  +2.31577889447236156464e+09
  +2.33582914572864294052e+09
  +2.35587939698492431641e+09
  +2.37592964824120569229e+09
  +2.39597989949748706818e+09
  +2.41603015075376892090e+09
  +2.43608040201005029678e+09
  +2.45613065326633167267e+09
  +2.47618090452261304855e+09
  +2.49623115577889442444e+09
  +2.51628140703517580032e+09
  +2.53633165829145717621e+09
  +2.55638190954773855209e+09
  +2.57643216080401992798e+09
  +2.59648241206030130386e+09
  +2.61653266331658267975e+09
  +2.63658291457286405563e+09
  +2.65663316582914543152e+09
  +2.67668341708542680740e+09
  +2.69673366834170818329e+09
  +2.71678391959798955917e+09
  +2.73683417085427093506e+09
  +2.75688442211055278778e+09
  +2.77693467336683416367e+09
  +2.79698492462311553955e+09
  +2.81703517587939691544e+09
  +2.83708542713567829132e+09
  +2.85713567839195966721e+09
  +2.87718592964824104309e+09
  +2.89723618090452241898e+09
  +2.91728643216080379486e+09
  +2.93733668341708517075e+09
  +2.95738693467336654663e+09
  +2.97743718592964792252e+09
  +2.99748743718592929840e+09
  +3.01753768844221067429e+09
  +3.03758793969849205017e+09
  +3.05763819095477390289e+09
  +3.07768844221105527878e+09
  +3.09773869346733665466e+09
  +3.11778894472361803055e+09
  +3.13783919597989940643e+09
  +3.15788944723618078232e+09
  +3.17793969849246215820e+09
  +3.19798994974874353409e+09
  +3.21804020100502490997e+09
  +3.23809045226130628586e+09
  +3.25814070351758766174e+09
  +3.27819095477386903763e+09
  +3.29824120603015041351e+09
  +3.31829145728643178940e+09
  +3.33834170854271316528e+09
  +3.35839195979899454117e+09
  +3.37844221105527591705e+09
  +3.39849246231155776978e+09
  +3.41854271356783914566e+09
  +3.43859296482412052155e+09
  +3.45864321608040189743e+09
  +3.47869346733668327332e+09
  +3.49874371859296464920e+09
  +3.51879396984924602509e+09
  +3.53884422110552740097e+09
  +3.55889447236180877686e+09
  +3.57894472361809015274e+09
  +3.59899497487437152863e+09
  +3.61904522613065290451e+09
  +3.63909547738693428040e+09
  +3.65914572864321565628e+09
  +3.67919597989949703217e+09
  +3.69924623115577888489e+09
  +3.71929648241206026077e+09
  +3.73934673366834163666e+09
  +3.75939698492462301254e+09
  +3.77944723618090438843e+09
  +3.79949748743718576431e+09
  +3.81954773869346714020e+09
  +3.83959798994974851608e+09
  +3.85964824120602989197e+09
  +3.87969849246231126785e+09
  +3.89974874371859264374e+09
  +3.91979899497487401962e+09
  +3.93984924623115539551e+09
  +3.95989949748743677139e+09
  +3.97994974874371814728e+09
  +3.99999999999999952316e+09
</indep>
<dep dBS11 frequency>
  +1.61769092141110903960e-01
  +1.91073464725314612345e-01
  +2.78990756759327940273e-01
  +3.87410873595556426441e-01
  +5.22237391787526483711e-01
  +6.86199875643827672533e-01
  +8.80716215784744238526e-01
  +1.10574050341310670120e+00
  +1.35882488367746123714e+00
  +1.63347535187193826367e+00
  +1.91672916304991836078e+00
  +2.18612691646034296156e+00
  +2.40707505121732889819e+00
  +2.53314635851681391188e+00
  +2.51321300756025811651e+00
  +2.24538379951926669875e+00
  +1.72225665407917860605e+00
  +1.02868409910365832260e+00
  +2.23497303413514092352e-01
  -6.29066531430124031843e-01
  -1.52232701489862765065e+00
  -2.40924883416400703595e+00
  -3.22544321975608561104e+00
  -3.95697900034623373244e+00
  -4.59796389656211967889e+00
  -5.17177740617320491623e+00
  -5.67915644609624958861e+00
  -6.10846289179729406982e+00
  -6.46720855305908237654e+00
  -6.76341786089230367907e+00
  -7.02455927448652595046e+00
  -7.25365033579462359370e+00
  -7.44329410372750288616e+00
  -7.59966629757677658574e+00
  -7.72804924329374465231e+00
  -7.83465063715414267165e+00
  -7.92328190678556776305e+00
  -7.99632521960840492170e+00
  -8.05667481789363471023e+00
  -8.10663819134274277189e+00
  -8.14379116481706333275e+00
  -8.17153389304095689738e+00
  -8.19423095559942815669e+00
  -8.21299193497063662051e+00
  -8.22864814337052230542e+00
  -8.24006585834629667886e+00
  -8.24917847860269404237e+00
  -8.25779129754213059300e+00
  -8.26629022889857978384e+00
  -8.27494042539198915165e+00
  -8.27775197722899136465e+00
  -8.27767116031721172931e+00
  -8.27865456182268211194e+00
  -8.28081215666703585043e+00
  -8.28419768882289275780e+00
  -8.28152935844575566193e+00
  -8.27621958920985534292e+00
  -8.27252788438605080046e+00
  -8.27046542288167785273e+00
  -8.27001543280947970516e+00
  -8.26414336207840349857e+00
  -8.25628174144266857581e+00
  -8.25023156544209435026e+00
  -8.24594217484422742359e+00
  -8.24334657496059541870e+00
  -8.23487566549683513983e+00
  -8.22428144364939583966e+00
  -8.21537919309196240647e+00
  -8.20811490209282546004e+00
  -8.20242571151167965127e+00
  -8.19290698738844369586e+00
  -8.18249306909230611495e+00
  -8.17376143375860308993e+00
  -8.16666112359562390566e+00
  -8.16113607904632765155e+00
  -8.15120922391054669731e+00
  -8.14014760854567320791e+00
  -8.13062206010619092922e+00
  -8.12258215439160480287e+00
  -8.11597421037282629186e+00
  -8.10688931389509548353e+00
  -8.09763018618903629431e+00
  -8.08984155385035563768e+00
  -8.08348231632557734372e+00
  -8.07850954780587215964e+00
  -8.06624178977253336598e+00
  -8.05168152034216433321e+00
  -8.03826208837925193507e+00
  -8.02593317071111123084e+00
  -8.01464269604577239647e+00
  -8.00499175057516154652e+00
  -7.99673800414135182990e+00
  -7.98962977103134974755e+00
  -7.98363060907413846223e+00
  -7.97870292010409265515e+00
  -7.96869382226926425972e+00
  -7.95749625240563673856e+00
  -7.94726245949523235623e+00
  -7.93796093465625141050e+00
  -7.92955941145405596160e+00
  -7.91754713473332483176e+00
  -7.90488636309874870278e+00
  -7.89304466259524328819e+00
  -7.88198927255740233733e+00
  -7.87168665051781246689e+00
  -7.85884732378730443969e+00
  -7.84575457838482037687e+00
  -7.83340859827855062747e+00
  -7.82178167482083175344e+00
  -7.81084557329437068063e+00
  -7.79943458523556731876e+00
  -7.78836861135377134246e+00
  -7.77795846024614601077e+00
  -7.76817805969242058950e+00
  -7.75900072711972477180e+00
  -7.74697946833672901334e+00
  -7.73467648822284736809e+00
  -7.72300596961296914600e+00
  -7.71194495581579797516e+00
  -7.70147005422752606307e+00
  -7.68812135552291220364e+00
  -7.67447977918547508125e+00
  -7.66139031170334483534e+00
  -7.64883287026349734106e+00
  -7.63678708976399356345e+00
  -7.62158822568469496161e+00
  -7.60601462797251137715e+00
  -7.59089001929540962976e+00
  -7.57619457638068372063e+00
  -7.56190820248934780778e+00
  -7.54565469579193770500e+00
  -7.52927205481872086068e+00
  -7.51324108964911019370e+00
  -7.49754066497288285120e+00
  -7.48214928565763681689e+00
  -7.46827092246421564425e+00
  -7.45499787081401521505e+00
  -7.44208385369891800565e+00
  -7.42951221333314570927e+00
  -7.41726601741408497759e+00
  -7.40194179079125369469e+00
  -7.38633607276898640492e+00
  -7.37103495129920904816e+00
  -7.35602289303074474702e+00
  -7.34128414391243389048e+00
  -7.32589436948731353993e+00
  -7.31064013178447069663e+00
  -7.29565511981907732775e+00
  -7.28092475648607884153e+00
  -7.26643425081956095823e+00
  -7.25055517958443651594e+00
  -7.23467468190765039537e+00
  -7.21901126110728519336e+00
  -7.20355079340816750744e+00
  -7.18827893853181709716e+00
  -7.17180732172777801736e+00
  -7.15537536699938225837e+00
  -7.13914849659167849438e+00
  -7.12311414730665060091e+00
  -7.10725958555448400489e+00
  -7.09091314743993983427e+00
  -7.07468185593344323081e+00
  -7.05862973753754019413e+00
  -7.04274552374949713851e+00
  -7.02701780144680299145e+00
  -7.01003182192267892958e+00
  -6.99308153870919912976e+00
  -6.97629375297846276993e+00
  -6.95965859620057525348e+00
  -6.94316609824798547379e+00
  -6.92498312897771217678e+00
  -6.90676514212085201905e+00
  -6.88865004504761735404e+00
  -6.87062779403508461229e+00
  -6.85268823343626465316e+00
  -6.83505844808624996034e+00
  -6.81754359019807854025e+00
  -6.80011988773551578902e+00
  -6.78277816360087371095e+00
  -6.76550912988672159543e+00
  -6.74705150904358319508e+00
  -6.72861957814828848257e+00
  -6.71027234307245024070e+00
  -6.69200172012811478339e+00
  -6.67379954166642797020e+00
  -6.65265746627908072242e+00
  -6.63145782771128011746e+00
  -6.61030998828793947553e+00
  -6.58920590539892714332e+00
  -6.56813746060964831486e+00
  -6.54680863164751247751e+00
  -6.52551712143785245246e+00
  -6.50426286877255765972e+00
  -6.48303801997141349034e+00
  -6.46183464211348379536e+00
  -6.44064345042116404016e+00
  -6.41947546286699655127e+00
  -6.39832336587288086349e+00
  -6.37717964498137668272e+00
  -6.35603670551529464916e+00
</dep>
<dep dBS21 frequency>
  +8.13644542023986616641e+00
  +7.89543251887099373221e+00
  +1.06420263066270432972e+01
  +1.30994174028194052539e+01
  +1.51988469815292859266e+01
  +1.70312067907709838721e+01
  +1.86740514834655861875e+01
  +2.01809898915633532113e+01
  +2.15863886789080652306e+01
  +2.29089972032698554472e+01
  +2.41530656489383268593e+01
  +2.53075725668120199430e+01
  +2.63450299635265778875e+01
  +2.72227390522361822889e+01
  +2.78906064281858157017e+01
  +2.82713982983113325531e+01
  +2.83582951573189916417e+01
  +2.82119727782368130420e+01
  +2.78864685957911930814e+01
  +2.74410668476437464847e+01
  +2.69121542717684718582e+01
  +2.63439730259123550127e+01
  +2.57725706726878733832e+01
  +2.52115076111432756534e+01
  +2.46684709975565823470e+01
  +2.41506317670869599112e+01
  +2.36579188807275926365e+01
  +2.31875311753873774023e+01
  +2.27387962821451807827e+01
  +2.23107712281993286751e+01
  +2.19055512214214402889e+01
  +2.15199935910881876566e+01
  +2.11502996063134638405e+01
  +2.07954252414046791841e+01
  +2.04544367336979320271e+01
  +2.01320506666179319666e+01
  +1.98248643540096267657e+01
  +1.95279924402063365108e+01
  +1.92408023677016295494e+01
  +1.89627402869261985074e+01
  +1.86967037638555240164e+01
  +1.84405622987688673220e+01
  +1.81915010657071363198e+01
  +1.79491608769374160204e+01
  +1.77132288452385751043e+01
  +1.74868207069684480359e+01
  +1.72678817457296460702e+01
  +1.70538758415900986165e+01
  +1.68445816132326378067e+01
  +1.66398044304296917062e+01
  +1.64434519413463746673e+01
  +1.62534494775273259393e+01
  +1.60671188449393191888e+01
  +1.58843227302062075523e+01
  +1.57049399191162830647e+01
  +1.55325885840515649505e+01
  +1.53653498486128476941e+01
  +1.52009492799673591179e+01
  +1.50392973524248176886e+01
  +1.48803146020417145223e+01
  +1.47251059490041686928e+01
  +1.45729297375542046211e+01
  +1.44230579919715111714e+01
  +1.42754339941032259986e+01
  +1.41300084186637509021e+01
  +1.39904290649254861023e+01
  +1.38547058578632675818e+01
  +1.37208783505142388748e+01
  +1.35889071924296445104e+01
  +1.34587578687595854632e+01
  +1.33317959846885099040e+01
  +1.32071253005360347288e+01
  +1.30840110051620364118e+01
  +1.29624241404791202825e+01
  +1.28423392151292468100e+01
  +1.27255109949777889256e+01
  +1.26108680112873230428e+01
  +1.24975614194544704105e+01
  +1.23855709326038425644e+01
  +1.22748788650694784508e+01
  +1.21666224367645554594e+01
  +1.20600165483054375670e+01
  +1.19545274246529267259e+01
  +1.18501385217469046296e+01
  +1.17468351925137977076e+01
  +1.16471821456836615027e+01
  +1.15496541215873591568e+01
  +1.14532006610143621828e+01
  +1.13578132575459420650e+01
  +1.12634850206408394513e+01
  +1.11700485330931691408e+01
  +1.10774711754051953250e+01
  +1.09857852688176329536e+01
  +1.08949826845628123806e+01
  +1.08050565241384166626e+01
  +1.07183159761460817805e+01
  +1.06332291218652308373e+01
  +1.05489567525240950374e+01
  +1.04654929795659690228e+01
  +1.03828328358345167715e+01
  +1.03018814262798148462e+01
  +1.02220113312910143577e+01
  +1.01429120874634453031e+01
  +1.00645807385703562886e+01
  +9.98701514974720083728e+00
  +9.91097461139324842350e+00
  +9.83587311954735099562e+00
  +9.76146168942233494192e+00
  +9.68773786412843662674e+00
  +9.61469983341761924578e+00
  +9.54257067755583676671e+00
  +9.47116154509176944032e+00
  +9.40040213701014337744e+00
  +9.33029168395684571635e+00
  +9.26083000934886868549e+00
  +9.19204996577868804764e+00
  +9.12387105001605647203e+00
  +9.05627676360559874524e+00
  +8.98926660090234186384e+00
  +8.92284055750361204673e+00
  +8.85801558212843787032e+00
  +8.79398546017964122257e+00
  +8.73048940096072101369e+00
  +8.66752684065987821782e+00
  +8.60509760672598389419e+00
  +8.54421146063404357562e+00
  +8.48407680194943480956e+00
  +8.42445820347477081214e+00
  +8.36535589710823401788e+00
  +8.30677045698867644319e+00
  +8.24909236720176153312e+00
  +8.19201089165142448678e+00
  +8.13544384347280846725e+00
  +8.07939274365827486690e+00
  +8.02385945143437062654e+00
  +7.96824377080436896392e+00
  +7.91297065815511757592e+00
  +7.85815264452579143040e+00
  +7.80379075719265991040e+00
  +7.74988630517447596446e+00
  +7.69708023679666553107e+00
  +7.64482233747174788618e+00
  +7.59299838113260427974e+00
  +7.54160958864682662295e+00
  +7.49065742247759214223e+00
  +7.44003327390649715767e+00
  +7.38980366963063772801e+00
  +7.33998545378277267304e+00
  +7.29058009041930521477e+00
  +7.24158926670693947614e+00
  +7.19326414469647978933e+00
  +7.14537430037899401469e+00
  +7.09788439077551291945e+00
  +7.05079622665881000643e+00
  +7.00411182569906731743e+00
  +6.95762841511879503997e+00
  +6.91149113529929604027e+00
  +6.86572543003978807974e+00
  +6.82033298759718764614e+00
  +6.77531567891871944198e+00
  +6.73065203451362492615e+00
  +6.68633528117422493153e+00
  +6.64236795594661089126e+00
  +6.59875168091013630800e+00
  +6.55548823928968094066e+00
  +6.51259707801457121690e+00
  +6.47003133195289947821e+00
  +6.42778907600461657523e+00
  +6.38587169491536599253e+00
  +6.34428071063481091585e+00
  +6.30365942554709324241e+00
  +6.26341442413413407309e+00
  +6.22349490366622770665e+00
  +6.18390257019889233447e+00
  +6.14463925876612382382e+00
  +6.10531478565503515910e+00
  +6.06627533611258407120e+00
  +6.02754814310531195076e+00
  +5.98913504305788890747e+00
  +5.95103799455793147644e+00
  +5.91307543855724571102e+00
  +5.87539484415502322179e+00
  +5.83800676351148073451e+00
  +5.80091289001216914301e+00
  +5.76411502519300622538e+00
  +5.72811461220525952598e+00
  +5.69242306988247293020e+00
  +5.65702241898436852807e+00
  +5.62191449068020254742e+00
  +5.58710121694607053655e+00
  +5.55220782033127768784e+00
  +5.51758959281101013516e+00
  +5.48325799729366814006e+00
  +5.44921508565873224939e+00
  +5.41546301192978862815e+00
  +5.38185361860631239495e+00
  +5.34852263275128514408e+00
  +5.31547395080650808552e+00
  +5.28270975130198738867e+00
  +5.25023231115901722887e+00
</dep>
<dep dBS12 frequency>
  -3.79662636662437762425e+01
  -4.04880356042204425648e+01
  -3.99804439903763579878e+01
  -3.91609257985659908741e+01
  -3.82347868442803147104e+01
  -3.72791185340095339029e+01
  -3.63366025049618528442e+01
  -3.54340524152713740591e+01
  -3.45915706339813624481e+01
  -3.38289838457378806424e+01
  -3.31711503537075245163e+01
  -3.26526229186526748549e+01
  -3.23208856434187268292e+01
  -3.22353070904394769514e+01
  -3.24566797199373553440e+01
  -3.30953759697688738584e+01
  -3.40993446289089945367e+01
  -3.52589064554193996059e+01
  -3.62834768295018648132e+01
  -3.68009329779186629139e+01
  -3.66673857422831659392e+01
  -3.60177661509103046455e+01
  -3.51086138803008367404e+01
  -3.41465086058451419149e+01
  -3.32246047948722420529e+01
  -3.24009201006948046597e+01
  -3.16680906196169900113e+01
  -3.09970613485602797255e+01
  -3.03796516088671566536e+01
  -2.98078761932289069136e+01
  -2.92919952564087502367e+01
  -2.88201581768468031441e+01
  -2.83743506633931907857e+01
  -2.79506595501275469928e+01
  -2.75459019827736000252e+01
  -2.71783527221700573762e+01
  -2.68390988289215037810e+01
  -2.65114379482815252231e+01
  -2.61938506101095747169e+01
  -2.58850757846546741803e+01
  -2.55983364186516517691e+01
  -2.53276436371943560744e+01
  -2.50625626431375323477e+01
  -2.48024243446344385688e+01
  -2.45466596665737881722e+01
  -2.43041916470685777085e+01
  -2.40712153934315331583e+01
  -2.38413536051782415370e+01
  -2.36142403905605213765e+01
  -2.33895561362531232419e+01
  -2.31792229025836888923e+01
  -2.29781697825130670765e+01
  -2.27788171793711704538e+01
  -2.25809533771132251445e+01
  -2.23843897972479339842e+01
  -2.22000674860160209789e+01
  -2.20232419188481785000e+01
  -2.18474599482782423365e+01
  -2.16725841634684393000e+01
  -2.14984900817391206829e+01
  -2.13307814535271020873e+01
  -2.11666621713511169389e+01
  -2.10029295201162113926e+01
  -2.08394926203268546772e+01
  -2.06762680159473468677e+01
  -2.05233091759506010021e+01
  -2.03758596144827279772e+01
  -2.02287204199692070006e+01
  -2.00818233575599478513e+01
  -1.99351049674317550853e+01
  -1.97956939147238912824e+01
  -1.96598965242174159584e+01
  -1.95241977159767223782e+01
  -1.93885440735259919620e+01
  -1.92528852228758537990e+01
  -1.91232827065811470391e+01
  -1.89964803918286122553e+01
  -1.88696678688387819989e+01
  -1.87428031491490330041e+01
  -1.86158462757442357827e+01
  -1.84939413626319684170e+01
  -1.83742117811532921223e+01
  -1.82544116364820290244e+01
  -1.81345051432245440992e+01
  -1.80144578685174501231e+01
  -1.78994869724992753390e+01
  -1.77865424529303126633e+01
  -1.76734879775423472381e+01
  -1.75602966873587611474e+01
  -1.74469427309299973672e+01
  -1.73337030336389616991e+01
  -1.72204808266453959220e+01
  -1.71071531937925129796e+01
  -1.69936942714187821935e+01
  -1.68800788795918670360e+01
  -1.67755967658647691110e+01
  -1.66743697099833489972e+01
  -1.65730701421013115748e+01
  -1.64716775811028455223e+01
  -1.63701720874614231604e+01
  -1.62713991802050585989e+01
  -1.61734656669921008643e+01
  -1.60754003463317900469e+01
  -1.59771860259527578307e+01
  -1.58788059039610693901e+01
  -1.57850707808415968714e+01
  -1.56927278954605888828e+01
  -1.56002644445873990264e+01
  -1.55076653937116120119e+01
  -1.54149160002002112435e+01
  -1.53224351441352766301e+01
  -1.52299226738016635352e+01
  -1.51372413977654929340e+01
  -1.50443778882941714414e+01
  -1.49513189151935659282e+01
  -1.48621487397026044164e+01
  -1.47739223514632698198e+01
  -1.46855246388215405773e+01
  -1.45969431073376973984e+01
  -1.45081653966649177789e+01
  -1.44240817171266666463e+01
  -1.43411146160426064000e+01
  -1.42580354242938867060e+01
  -1.41748331171047823318e+01
  -1.40914967888538100738e+01
  -1.40111405783300213557e+01
  -1.39313959845850181551e+01
  -1.38515345134047187514e+01
  -1.37715466582326033773e+01
  -1.36914230052392262849e+01
  -1.36096021980195907020e+01
  -1.35273256493985414295e+01
  -1.34449172632535720595e+01
  -1.33623680231788188877e+01
  -1.32796689728592465229e+01
  -1.32001454524674883828e+01
  -1.31211457803402389288e+01
  -1.30420163538937412540e+01
  -1.29627487351350332290e+01
  -1.28833345183075209661e+01
  -1.28078860288768385800e+01
  -1.27330524378149974041e+01
  -1.26581009347772610596e+01
  -1.25830241395309077035e+01
  -1.25078146985543945391e+01
  -1.24338295896550405928e+01
  -1.23599480622638502325e+01
  -1.22859473116966722017e+01
  -1.22118202643742321811e+01
  -1.21375598562423192561e+01
  -1.20644490735475962140e+01
  -1.19914010686121397242e+01
  -1.19182261449846933488e+01
  -1.18449177480554439512e+01
  -1.17714693199942210811e+01
  -1.17005848313874931677e+01
  -1.16299413259804609311e+01
  -1.15591909361611140383e+01
  -1.14883273977804734045e+01
  -1.14173444385415461255e+01
  -1.13488814227023482317e+01
  -1.12806204803960810068e+01
  -1.12122630970766472558e+01
  -1.11438034731347528350e+01
  -1.10752357972309916079e+01
  -1.10100104052157732326e+01
  -1.09450413757363023137e+01
  -1.08799930951183014827e+01
  -1.08148602736055856610e+01
  -1.07496376097412529305e+01
  -1.06850643230881807710e+01
  -1.06204697642113021772e+01
  -1.05557893060332474988e+01
  -1.04910181223858085531e+01
  -1.04261513706880108998e+01
  -1.03637316109110706464e+01
  -1.03013969055990983748e+01
  -1.02389730352757606369e+01
  -1.01764554010308767573e+01
  -1.01138393828357546766e+01
  -1.00547603708902180131e+01
  -9.99579204115064712255e+00
  -9.93673877267001870450e+00
  -9.87759634323201574091e+00
  -9.81836050882187905131e+00
  -9.76058056852221334054e+00
  -9.70278533024739608948e+00
  -9.64491065074845366212e+00
  -9.58695255918540034656e+00
  -9.52890706224861538942e+00
  -9.46966740375808591068e+00
  -9.41032684946959285810e+00
  -9.35090991131870197250e+00
  -9.29141243366104951917e+00
  -9.23183023070426322931e+00
  -9.17295583359135591195e+00
  -9.11402321676762028346e+00
  -9.05501837583731905568e+00
  -8.99593723085171426135e+00
  -8.93677566922612420797e+00
</dep>
<dep dBS22 frequency>
  -2.67518121145826670571e+00
  -2.98759213223418806926e-01
  -1.98781985148157813725e-01
  -1.56304581861433228296e-01
  -1.25006836798887299711e-01
  -9.80577467789130047260e-02
  -7.60320761153178842351e-02
  -6.33406735058489045453e-02
  -6.84794465444251987396e-02
  -1.05611673248434845274e-01
  -1.97095099721400907056e-01
  -3.76612646689331143079e-01
  -6.91737928528942003226e-01
  -1.20305202677554756718e+00
  -1.97516492189323433770e+00
  -3.09870219526478329897e+00
  -4.57499826099559303572e+00
  -6.29143375720508490900e+00
  -8.06376553971239928842e+00
  -9.58234409619954874415e+00
  -1.05218394741422329730e+01
  -1.07499260488641006361e+01
  -1.04528658862751875347e+01
  -9.91936119125165483013e+00
  -9.33674935355588964114e+00
  -8.79379966525459266791e+00
  -8.31422515925870087017e+00
  -7.89722168768155263763e+00
  -7.53789062328919978739e+00
  -7.22863243108760755717e+00
  -6.95923495328757191203e+00
  -6.72445601919620461473e+00
  -6.52075539182681485073e+00
  -6.34335168472297894482e+00
  -6.18820288405815333022e+00
  -6.04490770351568418306e+00
  -5.91381377981044664693e+00
  -5.79775608617604909512e+00
  -5.69470330062557472672e+00
  -5.60291495720689702864e+00
  -5.51833953795258658204e+00
  -5.44109886077382753911e+00
  -5.37196214705892671759e+00
  -5.30998522469170541882e+00
  -5.25432984783987500066e+00
  -5.20023049991951058502e+00
  -5.14915566437788019272e+00
  -5.10326072168976274668e+00
  -5.06204889360541887555e+00
  -5.02506842707620471344e+00
  -4.98737852142418525148e+00
  -4.95072870300252443343e+00
  -4.91759823044385235846e+00
  -4.88769222292659755169e+00
  -4.86073712736299334836e+00
  -4.83147074972542878157e+00
  -4.80204707166228761395e+00
  -4.77517013754801045167e+00
  -4.75064720400671447464e+00
  -4.72829696275784527870e+00
  -4.70888008295519178148e+00
  -4.69188624233226025950e+00
  -4.67668958084258701291e+00
  -4.66315900438591146582e+00
  -4.65116811804513119455e+00
  -4.63476486981645319219e+00
  -4.61685373090379069794e+00
  -4.60034858403830781981e+00
  -4.58515209402703938224e+00
  -4.57117005847670920815e+00
  -4.55679217155137727957e+00
  -4.54288828440443825940e+00
  -4.53015226388466274443e+00
  -4.51851391368623911404e+00
  -4.50790485150428832384e+00
  -4.49632709880176406614e+00
  -4.48484564958933162870e+00
  -4.47429957381020226848e+00
  -4.46463415288409581905e+00
  -4.45579564066182598481e+00
  -4.44621039162647768705e+00
  -4.43682293854246623255e+00
  -4.42826797076975431366e+00
  -4.42050496784991953092e+00
  -4.41349409449272034323e+00
  -4.40401196140038475590e+00
  -4.39382791503433800528e+00
  -4.38417680160921197086e+00
  -4.37501878789805687120e+00
  -4.36631412044862621258e+00
  -4.35929610971186320967e+00
  -4.35331570022336755699e+00
  -4.34788770814876812665e+00
  -4.34298406432632422280e+00
  -4.33857675330257208657e+00
  -4.33006047949297112609e+00
  -4.32037506926176906319e+00
  -4.31113309020719359665e+00
  -4.30230889723640785860e+00
  -4.29387695294999538476e+00
  -4.28516383326525840403e+00
  -4.27657091670520195237e+00
  -4.26829015665557864878e+00
  -4.26029750647351157511e+00
  -4.25256880730427955228e+00
  -4.24398021144639869817e+00
  -4.23533836912560079924e+00
  -4.22697660998098978524e+00
  -4.21887482035708494266e+00
  -4.21101281101367241888e+00
  -4.20435444444521788654e+00
  -4.19820192430458405397e+00
  -4.19225260540444644164e+00
  -4.18648791888650428916e+00
  -4.18088908016007465562e+00
  -4.17555810035105956501e+00
  -4.17046649152016435380e+00
  -4.16557527365521895746e+00
  -4.16086893767393473098e+00
  -4.15633178188537932840e+00
  -4.14923568022685351764e+00
  -4.14164197262254063503e+00
  -4.13422206195509644999e+00
  -4.12696219818133513968e+00
  -4.11984852348345320650e+00
  -4.11111710210935132892e+00
  -4.10209477044990844519e+00
  -4.09317272051485581130e+00
  -4.08433741059371691051e+00
  -4.07557517197988516955e+00
  -4.06751817004985571913e+00
  -4.05963180297842285427e+00
  -4.05176377593844261327e+00
  -4.04390022869409371253e+00
  -4.03602708414847466400e+00
  -4.02951159534277358887e+00
  -4.02331987915571076542e+00
  -4.01718002081846226048e+00
  -4.01108073588579916446e+00
  -4.00501057287674466778e+00
  -3.99796460580568835397e+00
  -3.99077109672949070784e+00
  -3.98359715871657193986e+00
  -3.97643220427006882645e+00
  -3.96926549903772851735e+00
  -3.96246319124940171719e+00
  -3.95573186440424517940e+00
  -3.94900397651905787910e+00
  -3.94226965005623064542e+00
  -3.93551885827323033595e+00
  -3.92876403418077835283e+00
  -3.92199020508801732277e+00
  -3.91518560671402626738e+00
  -3.90834062375633184416e+00
  -3.90144548357208797995e+00
  -3.89446492309678582444e+00
  -3.88745881099706824813e+00
  -3.88042468684710062377e+00
  -3.87335395197382803545e+00
  -3.86623787548902297928e+00
  -3.85895294936854549306e+00
  -3.85162706258201748000e+00
  -3.84426704394550666777e+00
  -3.83686504059378252762e+00
  -3.82941308757368714666e+00
  -3.82125772365175553347e+00
  -3.81300909208953209273e+00
  -3.80472386614390067905e+00
  -3.79639501696475623049e+00
  -3.78801543167872845075e+00
  -3.77930286432537432262e+00
  -3.77049586811650572216e+00
  -3.76160950008771033382e+00
  -3.75263664582278178017e+00
  -3.74357010073546314644e+00
  -3.73517144824880897858e+00
  -3.72675027285705828817e+00
  -3.71824969822438333722e+00
  -3.70966306550317614921e+00
  -3.70098362943583580886e+00
  -3.69168446676071582147e+00
  -3.68228255232953038956e+00
  -3.67280012691737711705e+00
  -3.66323113371828679163e+00
  -3.65356944724050602957e+00
  -3.64257769116863405756e+00
  -3.63143486090703770941e+00
  -3.62018317535674505336e+00
  -3.60881666269614065357e+00
  -3.59732928713585531355e+00
  -3.58707347187202474359e+00
  -3.57673688816997126239e+00
  -3.56627908865236031843e+00
  -3.55569426312341008156e+00
  -3.54497652957645081884e+00
  -3.53498200601135836862e+00
  -3.52487124714888233612e+00
  -3.51462788661067726537e+00
  -3.50424632045481132536e+00
  -3.49372087405378817238e+00
</dep>
<dep S[1,1] frequency>
  +1.01755779741491148016e+00-j5.02719255018131971902e-02
  +1.02160659594577452047e+00-j3.60339053868538594649e-02
  +1.03166094874868030651e+00-j4.49885979830274840285e-02
  +1.04393401685576714399e+00-j5.92127257312095311992e-02
  +1.05906314261365830376e+00-j7.85084303415454903829e-02
  +1.07721951392532533376e+00-j1.03770174785001501050e-01
  +1.09827333474942445690e+00-j1.36432603900217330750e-01
  +1.12165488312307193297e+00-j1.78448336185101752438e-01
  +1.14603424143702903315e+00-j2.32302200418599780196e-01
  +1.16879646922477320459e+00-j3.00897094218869898263e-01
  +1.18531142129959810028e+00-j3.87080160185851840371e-01
  +1.18818893194212815700e+00-j4.92443956993120879329e-01
  +1.16719741777491825552e+00-j6.15048257617036631117e-01
  +1.11122084196033354964e+00-j7.46385835277408649091e-01
  +1.01349928881301099004e+00-j8.69779909252749727777e-01
  +8.73507884466096840015e-01-j9.56035830127546670809e-01
  +7.13720597869181183626e-01-j9.88590341734742250601e-01
  +5.63025667780860161749e-01-j9.74817893900828180698e-01
  +4.37735041838059113495e-01-j9.28007206911938942184e-01
  +3.43133781474978916126e-01-j8.64530544386913235577e-01
  +2.78517631528557907394e-01-j7.91671342117956644557e-01
  +2.37409271513881081628e-01-j7.19619767038942925730e-01
  +2.11744896839252988441e-01-j6.56504627442936361525e-01
  +1.96428652642009954343e-01-j6.02898152724938629632e-01
  +1.87807405022498735692e-01-j5.58236354845190740903e-01
  +1.85395937959627027380e-01-j5.19222902112269069086e-01
  +1.86757718257620886071e-01-j4.85355453913875856120e-01
  +1.89185182142805774497e-01-j4.57386036765534464976e-01
  +1.92016387230154988996e-01-j4.34394483212153736940e-01
  +1.94832403364147810354e-01-j4.15616731641824332932e-01
  +1.98810304706955681686e-01-j3.98591973459780646305e-01
  +2.03293475433626802396e-01-j3.83247196565468462026e-01
  +2.07101368614104414112e-01-j3.70505183482573996478e-01
  +2.10197906263915157421e-01-j3.60014272596776208069e-01
  +2.12573367470710428151e-01-j3.51487751287253902266e-01
  +2.15824903204588747219e-01-j3.43597804862023237238e-01
  +2.19442066685216735644e-01-j3.36391269451641772292e-01
  +2.22315802046465005315e-01-j3.30452970648419164235e-01
  +2.24476111694639296479e-01-j3.25645463658953637776e-01
  +2.25953321032765525045e-01-j3.21854319238492281308e-01
  +2.27998669498494288543e-01-j3.18346351267494220849e-01
  +2.30215046281868673805e-01-j3.15202298591417129359e-01
  +2.31808140801693624011e-01-j3.12765569512359509208e-01
  +2.32805045609086241898e-01-j3.10975609604036640210e-01
  +2.33230788098628322169e-01-j3.09781201254552107649e-01
  +2.34088240785819634571e-01-j3.08494578403760266738e-01
  +2.35042190720132049275e-01-j3.07257286332951351504e-01
  +2.35490050717815341264e-01-j3.06430768205702031004e-01
  +2.35449535071050541912e-01-j3.05985131549594613354e-01
  +2.34936599536348766915e-01-j3.05894707880865146521e-01
  +2.34899482672937087724e-01-j3.05765814188827422804e-01
  +2.34997885853068189110e-01-j3.05694717543125160653e-01
  +2.34685982587365921104e-01-j3.05879216380629037619e-01
  +2.33975167452614263297e-01-j3.06302791297589138697e-01
  +2.32875628703654080631e-01-j3.06951057225870849177e-01
  +2.32291011232327565539e-01-j3.07542082722924048355e-01
  +2.31865640887857521468e-01-j3.08157900462230349703e-01
  +2.31101647342482424685e-01-j3.08936030295242414212e-01
  +2.30006635426537847655e-01-j3.09866253670833147194e-01
  +2.28587384089535522458e-01-j3.10939522025358350277e-01
  +2.27472791127040024906e-01-j3.12078866569413415633e-01
  +2.26388442235492065580e-01-j3.13297903111437459067e-01
  +2.25004434483655091359e-01-j3.14624526013540239955e-01
  +2.23325637877789529018e-01-j3.16052354843654292882e-01
  +2.21356315812162085521e-01-j3.17575734582055901889e-01
  +2.19872778850716293908e-01-j3.19063473563801158761e-01
  +2.18524952622027424098e-01-j3.20560599127521494989e-01
  +2.16926517223952203262e-01-j3.22124165574826926139e-01
  +2.15080994313138346152e-01-j3.23749505085957289818e-01
  +2.12991485813704112262e-01-j3.25432384468367807973e-01
  +2.11261017401129458371e-01-j3.27066213757476909052e-01
  +2.09594687795622930393e-01-j3.28690671882056473230e-01
  +2.07707609468456178003e-01-j3.30349637445831567639e-01
  +2.05602241646690220289e-01-j3.32039468367961332351e-01
  +2.03280723070807411990e-01-j3.33756795873788814077e-01
  +2.01260052350339335714e-01-j3.35500391557635224693e-01
  +1.99274363407340532328e-01-j3.37262821226983477985e-01
  +1.97092953080392929710e-01-j3.39039528304043713547e-01
  +1.94717600231880283435e-01-j3.40827617559921414170e-01
  +1.92149840542413047340e-01-j3.42624374055163272157e-01
  +1.89845843419604781710e-01-j3.44375841244552283182e-01
  +1.87560633830518491694e-01-j3.46102886199656345489e-01
  +1.85102354770609489609e-01-j3.47823925313038295748e-01
  +1.82472330267827081984e-01-j3.49536406400463794952e-01
  +1.79671695369182593538e-01-j3.51237887027255502037e-01
  +1.77108912014593361528e-01-j3.53161010582009771142e-01
  +1.74550224189500696736e-01-j3.55171333072119566054e-01
  +1.71833063232129101827e-01-j3.57172972704474789296e-01
  +1.68958435284843250246e-01-j3.59164020818435569815e-01
  +1.65927201579592148439e-01-j3.61142657966328606278e-01
  +1.63033343689440030078e-01-j3.62942676218265591892e-01
  +1.60106286728713687051e-01-j3.64656526893870736039e-01
  +1.57036898721532147682e-01-j3.66343595520795373144e-01
  +1.53825909504872238021e-01-j3.68001919347761607959e-01
  +1.50473930182631887575e-01-j3.69629584360834428924e-01
  +1.47515749405045665243e-01-j3.71315260994566964659e-01
  +1.44621099258447322056e-01-j3.73005071128636123134e-01
  +1.41601931482344095548e-01-j3.74665882109717462978e-01
  +1.38459038154949087840e-01-j3.76296007968185131087e-01
  +1.35193124919135737594e-01-j3.77893798840838401887e-01
  +1.32063566999439441219e-01-j3.79586977601374386815e-01
  +1.28902153954155967996e-01-j3.81291060575955520484e-01
  +1.25623505366705301434e-01-j3.82961734089307836992e-01
  +1.22228228192135163210e-01-j3.84597518428138329671e-01
  +1.18716855824806233333e-01-j3.86196961563524288064e-01
  +1.15449764579041574963e-01-j3.87809815616356023948e-01
  +1.12187952743266844413e-01-j3.89401199195315905754e-01
  +1.08820678231667550273e-01-j3.90953951793961307359e-01
  +1.05348553653045406975e-01-j3.92466692763331959082e-01
  +1.01772133976185757964e-01-j3.93938058983859362705e-01
  +9.82772840258453461715e-02-j3.95375611306239438392e-01
  +9.47364261358129844393e-02-j3.96772946351091060357e-01
  +9.10965169258776963357e-02-j3.98126284684823472659e-01
  +8.73580366136052360870e-02-j3.99434293360934167261e-01
  +8.35214150094510388023e-02-j4.00695650355354371364e-01
  +7.98956821429511881982e-02-j4.02012293025284184189e-01
  +7.62609355854274167941e-02-j4.03308891238555844438e-01
  +7.25347275881183667368e-02-j4.04556353377212185585e-01
  +6.87175585456123450001e-02-j4.05753391250989414729e-01
  +6.48098871686390437530e-02-j4.06898721091815795958e-01
  +6.11137908368323407027e-02-j4.08111017086334126880e-01
  +5.74105969553260070404e-02-j4.09303379517266363585e-01
  +5.36260035024076903154e-02-j4.10445029421786289348e-01
  +4.97605695945002868275e-02-j4.11534807726300522202e-01
  +4.58148230490496716216e-02-j4.12571557965562218939e-01
  +4.19976014949420689559e-02-j4.13708338256434771107e-01
  +3.81518865820386077203e-02-j4.14830099700831178566e-01
  +3.42302633598320082964e-02-j4.15900570367448763065e-01
  +3.02332514094117016379e-02-j4.16918705768933528510e-01
  +2.61613438747877874446e-02-j4.17883463684619538281e-01
  +2.20655119306366886978e-02-j4.18905061397183420269e-01
  +1.79061283772420365423e-02-j4.19896126036110484137e-01
  +1.36728648652360978977e-02-j4.20832085913158016055e-01
  +9.36614523917925906327e-03-j4.21711922706296205021e-01
  +4.98636814549188039924e-03-j4.22534618432034103641e-01
  +8.00690049718846830196e-04-j4.23238997193806976149e-01
  -3.39849858701317397713e-03-j4.23873384768692629265e-01
  -7.66198522857198388580e-03-j4.24448554613535977698e-01
  -1.19892585863425812920e-02-j4.24963491446926244777e-01
  -1.63798260564516490190e-02-j4.25417176945095842910e-01
  -2.05787635630699586309e-02-j4.25987390882854477514e-01
  -2.47928617954145877333e-02-j4.26531150327508323805e-01
  -2.90664459355712383182e-02-j4.27016304074264052559e-01
  -3.33989923132343921597e-02-j4.27441928235953616522e-01
  -3.77899925380726919855e-02-j4.27807096828152155776e-01
  -4.21142319442924170647e-02-j4.28168375538598766639e-01
  -4.64736668581220216390e-02-j4.28477843721590589965e-01
  -5.08875226233050162450e-02-j4.28725504980173588443e-01
  -5.53552663364161312565e-02-j4.28910456576453436028e-01
  -5.98763778741306096354e-02-j4.29031792191184091489e-01
  -6.43250295409309724715e-02-j4.29188911165803543835e-01
  -6.88068136315362899325e-02-j4.29297571346514195145e-01
  -7.33390675175836781463e-02-j4.29342706553924813306e-01
  -7.79212686915493057960e-02-j4.29323445443793028087e-01
  -8.25529056235056735158e-02-j4.29238912519995130523e-01
  -8.70414653960580042558e-02-j4.29197889497559548211e-01
  -9.15514036288868626734e-02-j4.29106519425343502228e-01
  -9.61063993289350687599e-02-j4.28950200763589140074e-01
  -1.00705886769800773139e-01-j4.28728106219323890080e-01
  -1.05349308493068283266e-01-j4.28439404173957927302e-01
  -1.09865235294530003141e-01-j4.28161754522410176182e-01
  -1.14402296175832723923e-01-j4.27827767710795781042e-01
  -1.18978790727361311008e-01-j4.27428094312764128571e-01
  -1.23594123711821185507e-01-j4.26961960816591934442e-01
  -1.28247705941336553881e-01-j4.26428589627501852810e-01
  -1.32744797462152591683e-01-j4.25963254320127604480e-01
  -1.37258040280244797415e-01-j4.25446315498974825253e-01
  -1.41805371674497332490e-01-j4.24864181752322545016e-01
  -1.46386166551297880467e-01-j4.24216154766348108041e-01
  -1.50999803933657028576e-01-j4.23501533015466224974e-01
  -1.55601251066074780516e-01-j4.22836719378467285058e-01
  -1.60231189391396966482e-01-j4.22116050443468671105e-01
  -1.64892647316487478415e-01-j4.21329443336848796786e-01
  -1.69585027090592033172e-01-j4.20476231698311719853e-01
  -1.74307734792053053985e-01-j4.19555746057365674950e-01
  -1.78895553896534054150e-01-j4.18624172178862830052e-01
  -1.83500025157800450426e-01-j4.17630305797095202625e-01
  -1.88131483353859041419e-01-j4.16569790789413363363e-01
  -1.92789308982208085208e-01-j4.15441987930970757503e-01
  -1.97472885156507738103e-01-j4.14246254848379513724e-01
  -2.01990306727788171415e-01-j4.13149315211693568539e-01
  -2.06521399629473356718e-01-j4.11996185140710624584e-01
  -2.11075606733847703778e-01-j4.10777559998775521066e-01
  -2.15652297151566807454e-01-j4.09492858265201431500e-01
  -2.20250841591259571839e-01-j4.08141495973127543806e-01
  -2.24821723639468840084e-01-j4.06933345614763686271e-01
  -2.29413114067709811295e-01-j4.05668362812678984231e-01
  -2.34026348012214252536e-01-j4.04337829554454408765e-01
  -2.38660817941846070678e-01-j4.02941194182446615901e-01
  -2.43315918012231763301e-01-j4.01477902921612561649e-01
  -2.47984420705681274377e-01-j3.99969854869604457548e-01
  -2.52671144055986396371e-01-j3.98394145556123180363e-01
  -2.57375604576807248680e-01-j3.96749638335755605567e-01
  -2.62097161988713689418e-01-j3.95035777076597649504e-01
  -2.66835176704647736301e-01-j3.93252002672307088282e-01
  -2.71522099688010221108e-01-j3.91444257535811246385e-01
  -2.76222394237177537590e-01-j3.89567631561297034182e-01
  -2.80936244090797149209e-01-j3.87621013591028129586e-01
  -2.85662989846396542237e-01-j3.85603870075393539985e-01
  -2.90401972099259109150e-01-j3.83515664424019853129e-01
</dep>
<dep S[1,2] frequency>
  -1.15526671859998795316e-02+j5.12456357032429424964e-03
  -5.05778090383166099159e-03+j7.98685268000349710138e-03
  -3.58003048911333414048e-03+j9.36134022483962706385e-03
  -2.24128435385829560128e-03+j1.07837686396997506355e-02
  -8.51761902759395374274e-04+j1.22238746511579392251e-02
  +6.40062189067349177583e-04+j1.36636930071104747281e-02
  +2.26653439805485790864e-03+j1.50770779910877322089e-02
  +4.05561818157269479701e-03+j1.64226254135079047236e-02
  +6.03010412061447207549e-03+j1.76365626291101057488e-02
  +8.19839246173597983869e-03+j1.86247929943076685755e-02
  +1.05346582186668612235e-02+j1.92572358615124769599e-02
  +1.29453915240714950707e-02+j1.93736721650534723937e-02
  +1.52270200233924450639e-02+j1.88190464304017132657e-02
  +1.70427323304391080405e-02+j1.75278651235055982216e-02
  +1.79782186922323658496e-02+j1.56448817420928587563e-02
  +1.76716462052129499871e-02+j1.33421698353228587036e-02
  +1.61302883165151712819e-02+j1.13541911653193272613e-02
  +1.38026139950864854683e-02+j1.03640965703809539988e-02
  +1.12152608064324463277e-02+j1.04658678952540707546e-02
  +8.77041780790368749599e-03+j1.14875805044401656935e-02
  +6.66435387286009369573e-03+j1.30764745911022533392e-02
  +5.00871877822440126488e-03+j1.50025302501326368576e-02
  +3.77894278233418742796e-03+j1.71504171089278782680e-02
  +2.89759670001579284007e-03+j1.94037373199963218695e-02
  +2.28754691803984781112e-03+j2.16954655879658606099e-02
  +1.91985902399370599904e-03+j2.39088305504415316038e-02
  +1.75582409385363581375e-03+j2.60381605961917013403e-02
  +1.72859048615985597987e-03+j2.81403246843850082803e-02
  +1.80359298382965806129e-03+j3.02165690416287026354e-02
  +1.95365836209701734458e-03+j3.22709537670151577760e-02
  +2.21039844405019041823e-03+j3.42371029024125458906e-02
  +2.56390253921607615128e-03+j3.61327899737216434728e-02
  +2.96648051839834428836e-03+j3.80158093188895374048e-02
  +3.40673081134082152491e-03+j3.98923064542768754381e-02
  +3.87511250087707159045e-03+j4.17680102772000280686e-02
  +4.40426211637214189143e-03+j4.35383120334156409337e-02
  +4.98718995728160939540e-03+j4.52294029233365688092e-02
  +5.59284171741016109675e-03+j4.69207089822051004457e-02
  +6.21655341026778555241e-03+j4.86167297798606248826e-02
  +6.85415469946726221145e-03+j5.03216108588011093450e-02
  +7.52213147208632016555e-03+j5.19490275290052302970e-02
  +8.21901914795895686960e-03+j5.35250560327557717288e-02
  +8.93074938562618374227e-03+j5.51116274299835381956e-02
  +9.65491285779031954695e-03+j5.67119557801920234907e-02
  +1.03892217058972804317e-02+j5.83290804253657479972e-02
  +1.11882756546830119254e-02+j5.98881506679930508685e-02
  +1.20394003114285101652e-02+j6.14115254380845007609e-02
  +1.29075437546459746707e-02+j6.29490520337486758606e-02
  +1.37914370838575287004e-02+j6.45032154103230698228e-02
  +1.46898409503945590743e-02+j6.60764383160326734812e-02
  +1.56252641465356445494e-02+j6.75655612239468850166e-02
  +1.65922264567582196382e-02+j6.90059883225991738120e-02
  +1.75768603227167315162e-02+j7.04612569098369834197e-02
  +1.85784770208832147875e-02+j7.19333217597009633160e-02
  +1.95963908504686069867e-02+j7.34241211416234162979e-02
  +2.06558215423587841764e-02+j7.48253918450458438416e-02
  +2.17478845860106552446e-02+j7.61769422287645325831e-02
  +2.28580436817957116657e-02+j7.75411918778392411644e-02
  +2.39859501199441299546e-02+j7.89196948583852919690e-02
  +2.51312542078286835223e-02+j8.03140066216616460570e-02
  +2.62728080367237819270e-02+j8.16730429701064269965e-02
  +2.74218213598078700000e-02+j8.30197227666930048784e-02
  +2.85897930090374292889e-02+j8.43833500930545737928e-02
  +2.97765735978353512925e-02+j8.57653758765149210053e-02
  +3.09820034227689215800e-02+j8.71672732122618088013e-02
  +3.22118517299630618966e-02+j8.84714613689062123747e-02
  +3.34639899759684028568e-02+j8.97279516741667088064e-02
  +3.47355485067276925637e-02+j9.09968190636631646395e-02
  +3.60265213917433796409e-02+j9.22791864176376736006e-02
  +3.73369000233134615274e-02+j9.35761947520201836648e-02
  +3.86778345268412315772e-02+j9.47929225154171134493e-02
  +4.00453971295745073111e-02+j9.59737638585539537539e-02
  +4.14346837525898237242e-02+j9.71648574541948972794e-02
  +4.28458462856207145109e-02+j9.83671486282712004279e-02
  +4.42790402176176170479e-02+j9.95816032892899716256e-02
  +4.57252993418330658248e-02+j1.00727880797766261578e-01
  +4.71897137944837508083e-02+j1.01845921593225682833e-01
  +4.86766536423743761963e-02+j1.02972657385888843873e-01
  +5.01863445597524673869e-02+j1.04108893602325502936e-01
  +5.17190179364801980166e-02+j1.05255455796569460936e-01
  +5.32809179125817919398e-02+j1.06330798120359434900e-01
  +5.48697952186895723803e-02+j1.07376851327588562768e-01
  +5.64835452140340990579e-02+j1.08428660345559715883e-01
  +5.81225006460353924020e-02+j1.09486864897610267078e-01
  +5.97870054924828017717e-02+j1.10552122465081684166e-01
  +6.13862842695519980718e-02+j1.11587369435469901946e-01
  +6.29711330547691600090e-02+j1.12614435573275231683e-01
  +6.45780887802400865860e-02+j1.13649000684774140191e-01
  +6.62074217329640252183e-02+j1.14691691970485648566e-01
  +6.78594073914222523092e-02+j1.15743154483063007132e-01
  +6.96205225938326399682e-02+j1.16747196379472756300e-01
  +7.14413003494667742110e-02+j1.17733172919299161618e-01
  +7.32899052273254941747e-02+j1.18722140521506605571e-01
  +7.51667517029588200250e-02+j1.19714551306157282462e-01
  +7.70722675607383445051e-02+j1.20710872825559603627e-01
  +7.89455322582773427742e-02+j1.21566004050465970021e-01
  +8.08215070323869966273e-02+j1.22368508000691225690e-01
  +8.27216816476210592413e-02+j1.23169884515802074976e-01
  +8.46463758935880467016e-02+j1.23970469210460287890e-01
  +8.65959197765185928475e-02+j1.24770607692549093115e-01
  +8.85251535552179641408e-02+j1.25540734097332185026e-01
  +9.04633623947521114950e-02+j1.26300121680785748524e-01
  +9.24259010180452228456e-02+j1.27058955148864616280e-01
  +9.44131067181495919893e-02+j1.27817561318130101800e-01
  +9.64253264904827156467e-02+j1.28576277897926055660e-01
  +9.84438916975190342340e-02+j1.29236423864309973863e-01
  +1.00480506326007912321e-01+j1.29861936000678496184e-01
  +1.02541198939278752067e-01+j1.30483380312198277151e-01
  +1.04626292895418984696e-01+j1.31100979935131894960e-01
  +1.06736121487859020318e-01+j1.31714965769859221334e-01
  +1.08887180541428041369e-01+j1.32301214193201066571e-01
  +1.11068835535087270805e-01+j1.32875403927330965059e-01
  +1.13276803636596576363e-01+j1.33444578791407253426e-01
  +1.15511459177120218156e-01+j1.34008921321297935769e-01
  +1.17773187876072632507e-01+j1.34568621968838314507e-01
  +1.20029942585242410669e-01+j1.35038667256378475123e-01
  +1.22304347071018282289e-01+j1.35477629119444636929e-01
  +1.24605374246089778412e-01+j1.35908219219041975778e-01
  +1.26933393856299703284e-01+j1.36330528935431821713e-01
  +1.29288787493426288178e-01+j1.36744655152264305009e-01
  +1.31610000079923655791e-01+j1.37061456983102208929e-01
  +1.33939981078803782566e-01+j1.37344574051485840416e-01
  +1.36294128604528108628e-01+j1.37616048695553772063e-01
  +1.38672736861680634401e-01+j1.37875910887181013509e-01
  +1.41076109831805573958e-01+j1.38124193865550609628e-01
  +1.43433459201369906122e-01+j1.38331369331876924411e-01
  +1.45797239721732918571e-01+j1.38519859838579534328e-01
  +1.48183920359973714254e-01+j1.38696501002836203309e-01
  +1.50593776244561161626e-01+j1.38861321789801595017e-01
  +1.53027091301089990250e-01+j1.39014354483442098553e-01
  +1.55499625681229797225e-01+j1.39194264016307439613e-01
  +1.58000371933543964920e-01+j1.39370270643316862547e-01
  +1.60526430466287617360e-01+j1.39534129080906177389e-01
  +1.63078118511361003229e-01+j1.39685854291177885544e-01
  +1.65655763102413672305e-01+j1.39825465370967960688e-01
  +1.68279905490877068619e-01+j1.39797280571039517216e-01
  +1.70932360964582891194e-01+j1.39721567514654698705e-01
  +1.73609271621539412722e-01+j1.39628085942570423494e-01
  +1.76310916559880320742e-01+j1.39516745927852042763e-01
  +1.79037584612915051663e-01+j1.39387458615157083797e-01
  +1.81706379950964391767e-01+j1.39170140885583326629e-01
  +1.84382643850969474286e-01+j1.38921049283636854899e-01
  +1.87081042160883420644e-01+j1.38652364858712490170e-01
  +1.89801798336097726771e-01+j1.38363982439411281611e-01
  +1.92545144081649244328e-01+j1.38055797590722090229e-01
  +1.95299939834365776647e-01+j1.37678708028397128738e-01
  +1.98074643501478298013e-01+j1.37271890423175446649e-01
  +2.00871179901887353392e-01+j1.36842896649819606436e-01
  +2.03689759986528495794e-01+j1.36391581954179580416e-01
  +2.06530603043077048975e-01+j1.35917801509434860163e-01
  +2.09361786272059924308e-01+j1.35402927821609952996e-01
  +2.12210022203972059618e-01+j1.34861754378467868509e-01
  +2.15080042976916435693e-01+j1.34296695709328200996e-01
  +2.17972051869909339006e-01+j1.33707576518478810090e-01
  +2.20886260354101943149e-01+j1.33094221002497375972e-01
  +2.23772367208022904261e-01+j1.32382481962116355101e-01
  +2.26671747971834175450e-01+j1.31634687380491971487e-01
  +2.29590793541447651949e-01+j1.30859912805805639335e-01
  +2.32529652511463097442e-01+j1.30057951676709637745e-01
  +2.35488480780559783501e-01+j1.29228596157499098229e-01
  +2.38417406439684897990e-01+j1.28290571837170214176e-01
  +2.41357930811972459795e-01+j1.27314207112686567092e-01
  +2.44315556741254796824e-01+j1.26308234679439773673e-01
  +2.47290380531938969177e-01+j1.25272431718470411699e-01
  +2.50282504926920112975e-01+j1.24206573676591450206e-01
  +2.53205482979261486953e-01+j1.23032217581225705727e-01
  +2.56133742867293789924e-01+j1.21819186556116551556e-01
  +2.59075461659585171148e-01+j1.20574757436623936080e-01
  +2.62030676106712212547e-01+j1.19298714460624538658e-01
  +2.64999428337613918139e-01+j1.17990840020550616374e-01
  +2.67953703017662470121e-01+j1.16652615973669812610e-01
  +2.70918366998758708419e-01+j1.15282474041977389678e-01
  +2.73895688728732822348e-01+j1.13880069238884509830e-01
  +2.76885697169082456437e-01+j1.12445185093153654510e-01
  +2.79888426628887132530e-01+j1.10977603522242632139e-01
  +2.82843373529097219521e-01+j1.09387060157719456788e-01
  +2.85804176359359396464e-01+j1.07756158124278814125e-01
  +2.88774767820812683361e-01+j1.06090657804143534415e-01
  +2.91755130705408205483e-01+j1.04390337744401789921e-01
  +2.94745252744656571764e-01+j1.02654974699700016205e-01
  +2.97620796316344193855e-01+j1.00840832765733426357e-01
  +3.00496263397480312118e-01+j9.89895674939405001425e-02
  +3.03378072613401439384e-01+j9.71032924283718179570e-02
  +3.06266168657566839606e-01+j9.51818067476814938521e-02
  +3.09160500544188365790e-01+j9.32249079474905678611e-02
  +3.11984779399637590647e-01+j9.12859335444551750482e-02
  +3.14811253721748729451e-01+j8.93146439576040646058e-02
  +3.17642820796318392507e-01+j8.73087965821949529843e-02
  +3.20479422284252690734e-01+j8.52682124123313317510e-02
  +3.23321004293284031128e-01+j8.31927112694710729768e-02
  +3.26219966799373484179e-01+j8.10479943554769655112e-02
  +3.29124637103011818962e-01+j7.88647361314006867250e-02
  +3.32033572412909316895e-01+j7.66435688990215746585e-02
  +3.34946688856395113909e-01+j7.43842760837515187822e-02
  +3.37863907086320136575e-01+j7.20866391900035763385e-02
  +3.40767864144219723155e-01+j6.96757500043289207392e-02
  +3.43673084848525267621e-01+j6.72240954999181183904e-02
  +3.46579648869772716235e-01+j6.47324076690856675675e-02
  +3.49487436124245043345e-01+j6.22004753297488582886e-02
  +3.52396331016031683081e-01+j5.96280852463613869618e-02
</dep>
<dep S[2,1] frequency>
  -1.85033558429341904450e+00-j1.75704608665717731952e+00
  -1.75548580893331673813e+00-j1.75434838724103348007e+00
  -1.98606670414293362548e+00-j2.76563201231887534348e+00
  -2.38297175963650564867e+00-j3.83876103364185583544e+00
  -2.95311401778941906571e+00-j4.93795905575603644166e+00
  -3.72746380976584479328e+00-j6.04865013612353230599e+00
  -4.74969935708530588414e+00-j7.15050891397005106143e+00
  -6.07505822564771147398e+00-j8.20665405892463972748e+00
  -7.76786289594450085616e+00-j9.15161044514700527941e+00
  -9.89276707002486865861e+00-j9.87532198475027556128e+00
  -1.24925557942066181027e+01-j1.02046858825157595874e+01
  -1.55429464515398567670e+01-j9.89203275648498348005e+00
  -1.88800397121728025240e+01-j8.63537099727156842732e+00
  -2.21243848696972307266e+01-j6.17041968479434643768e+00
  -2.46830285577386341345e+01-j2.45170966915345545090e+00
  -2.58305394665337786364e+01+j2.10435230033814901773e+00
  -2.53035043445938292450e+01+j6.70461450300481143216e+00
  -2.34243720586781094539e+01+j1.06684664717568029602e+01
  -2.07263484988849526758e+01+j1.36049745148976910514e+01
  -1.77491040453110784370e+01+j1.54832580390418250715e+01
  -1.49128921940677994229e+01+j1.63938126321242947370e+01
  -1.24153959543149152722e+01+j1.66366640181879077431e+01
  -1.02655090393455736830e+01+j1.65050014692061282062e+01
  -8.44402795081486345907e+00+j1.61464573036379945847e+01
  -6.90956646310915445497e+00+j1.56602697053623369783e+01
  -5.66059840740218955801e+00+j1.51000466619639421850e+01
  -4.63661817954539046127e+00+j1.45142748242232570988e+01
  -3.76587903331077855640e+00+j1.39337281615615680153e+01
  -3.02010527557466712523e+00+j1.33700622548205405593e+01
  -2.37652057702836216890e+00+j1.28295841989188748045e+01
  -1.84197876808350202715e+00+j1.23161225595682619627e+01
  -1.39165939916654157749e+00+j1.18308421878806715455e+01
  -9.94888973180199420732e-01+j1.13725926784709621131e+01
  -6.42891593315472076320e-01+j1.09401351343434960484e+01
  -3.28552068873653679848e-01+j1.05319943878036657026e+01
  -6.25864682851473980163e-02+j1.01529975668613445805e+01
  +1.66257398834967540235e-01+j9.79897649518669311419e+00
  +3.73669070578892981160e-01+j9.46370837056972113999e+00
  +5.62613575137328347786e-01+j9.14576269319043788641e+00
  +7.35575909915106462833e-01+j8.84382175837811601582e+00
  +8.86271575206007078407e-01+j8.56091722486333850384e+00
  +1.01976235728490705057e+00+j8.29411634999204849805e+00
  +1.14320091979268734228e+00+j8.03948184613350846917e+00
  +1.25778535108991507130e+00+j7.79611500789516753684e+00
  +1.36454946642155561243e+00+j7.56320095677554338209e+00
  +1.45660163523440844280e+00+j7.34452532652650535994e+00
  +1.53787041988938266712e+00+j7.13739709301078573134e+00
  +1.61399542592375766503e+00+j6.93825309039674831268e+00
  +1.68551115615684721227e+00+j6.74654873155390699679e+00
  +1.75289002424688233894e+00+j6.56178761320481829244e+00
  +1.81250292463161710721e+00+j6.38790657664256134041e+00
  +1.86640081852189121392e+00+j6.22251603343922887746e+00
  +1.91734373738379182406e+00+j6.06255318122953745785e+00
  +1.96560185663632802644e+00+j5.90768470171116444334e+00
  +2.01141853871316200753e+00+j5.75760392897467632167e+00
  +2.05209915516055163565e+00+j5.61582355809789213197e+00
  +2.08911126874471397841e+00+j5.48030620466775708621e+00
  +2.12428761968200507937e+00+j5.34862158928009367997e+00
  +2.15777638632940593766e+00+j5.22055709935120493270e+00
  +2.18971303067062539327e+00+j5.09591536328091176955e+00
  +2.21852560989515623646e+00+j4.97607633433018925473e+00
  +2.24511854190857418345e+00+j4.86009779831533705874e+00
  +2.27050951629726815995e+00+j4.74696668208483973928e+00
  +2.29478871297436004539e+00+j4.63653696880634047517e+00
  +2.31803974111765764832e+00+j4.52867211021982107866e+00
  +2.33869907316869785063e+00+j4.42651727995416166550e+00
  +2.35761870002318030259e+00+j4.32828408676856035697e+00
  +2.37569361301748660509e+00+j4.23217866001157450029e+00
  +2.39297912855036054580e+00+j4.13810203299885426276e+00
  +2.40952698370833795494e+00+j4.04596101412521047536e+00
  +2.42380609431159621536e+00+j3.95751005499166508272e+00
  +2.43667493976081717122e+00+j3.87167702034097560571e+00
  +2.44893442593255095119e+00+j3.78748850264945602362e+00
  +2.46061991067705987390e+00+j3.70487302960123487949e+00
  +2.47176474007804714006e+00+j3.62376287664199425720e+00
  +2.48155479766317688117e+00+j3.54576653824885124067e+00
  +2.49047093539093600256e+00+j3.46989297714480793289e+00
  +2.49892292474571231509e+00+j3.39531972143510207829e+00
  +2.50693475055353820480e+00+j3.32199417307950062295e+00
  +2.51452919236175809203e+00+j3.24986624048531025366e+00
  +2.52061484097997867693e+00+j3.18045778999004991050e+00
  +2.52584144887154771197e+00+j3.11281203032031061895e+00
  +2.53070384242495283189e+00+j3.04620917131773039088e+00
  +2.53521792196824469201e+00+j2.98060951241551119750e+00
  +2.53939885806165666082e+00+j2.91597505927435829420e+00
  +2.54359289725457538012e+00+j2.85349310116822785233e+00
  +2.54760810858546893343e+00+j2.79239942767156579251e+00
  +2.55132191797752572171e+00+j2.73216669002643541830e+00
  +2.55474694554601899910e+00+j2.67276472952987020903e+00
  +2.55789531768184108529e+00+j2.61416460846348375213e+00
  +2.55966202462655267880e+00+j2.55736111130996235374e+00
  +2.56074572586518112161e+00+j2.50168393879388117895e+00
  +2.56157967815306797377e+00+j2.44671731333642750172e+00
  +2.56217224588838998756e+00+j2.39243730400122522894e+00
  +2.56253148636815586414e+00+j2.33882084334043938156e+00
  +2.56256176058189222289e+00+j2.28733636484891622587e+00
  +2.56233056247830059959e+00+j2.23700330366535204973e+00
  +2.56188048794137879227e+00+j2.18727007138729589997e+00
  +2.56121788726730725827e+00+j2.13811841218688503119e+00
  +2.56034889111953178897e+00+j2.08953069836160132411e+00
  +2.55923205607075843204e+00+j2.04209875305496835196e+00
  +2.55790313012522929625e+00+j1.99540054974615865824e+00
  +2.55638306157517902761e+00+j1.94921702935804974643e+00
  +2.55467698731859060857e+00+j1.90353336219180979683e+00
  +2.55278989322875782264e+00+j1.85833519327662655130e+00
  +2.55038581390593721565e+00+j1.81456066296739648713e+00
  +2.54770053278082864168e+00+j1.77154108130340293137e+00
  +2.54484412176724728027e+00+j1.72896653008907796867e+00
  +2.54182042076904357586e+00+j1.68682513864153271754e+00
  +2.53863316266465899318e+00+j1.64510539315995774068e+00
  +2.53513049483276153850e+00+j1.60418673323391858254e+00
  +2.53142492186485945638e+00+j1.56378117762731472240e+00
  +2.52756476745059366351e+00+j1.52376466557626444320e+00
  +2.52355312402535503224e+00+j1.48412725590658967079e+00
  +2.51939301059904563473e+00+j1.44485928155735421363e+00
  +2.51472898434534686274e+00+j1.40661430882117488572e+00
  +2.50982377370514830872e+00+j1.36890106532739164180e+00
  +2.50477663960910668095e+00+j1.33153174646265348713e+00
  +2.49958992081992459333e+00+j1.29449810257801933844e+00
  +2.49426590335014974897e+00+j1.25779209475549036412e+00
  +2.48872595657100159627e+00+j1.22230681006824060120e+00
  +2.48303218793422963984e+00+j1.18736205182798393309e+00
  +2.47720672681957498895e+00+j1.15272530455671495808e+00
  +2.47125143817639214561e+00+j1.11838993592413982192e+00
  +2.46516814705776488026e+00+j1.08434947891107369422e+00
  +2.45906415467915140383e+00+j1.05114164194613457504e+00
  +2.45286063880484084265e+00+j1.01834353985834136225e+00
  +2.44653492469563582645e+00+j9.85823716025678531416e-01
  +2.44008867609750135230e+00+j9.53576663542276103946e-01
  +2.43352352814696271111e+00+j9.21597007000837242785e-01
  +2.42689703656033817225e+00+j8.90063662016863155202e-01
  +2.42016713141786832253e+00+j8.58826440281660219433e-01
  +2.41332348136432539576e+00+j8.27841232608914623370e-01
  +2.40636759913468978311e+00+j7.97103236530151471051e-01
  +2.39930097906659245410e+00+j7.66607753547808856709e-01
  +2.39177757058872275664e+00+j7.36888911978291649696e-01
  +2.38407665031123139343e+00+j7.07510653289234681118e-01
  +2.37626682502518349338e+00+j6.78364222269982941604e-01
  +2.36834922104757650274e+00+j6.49445602034493418842e-01
  +2.36032495022373378646e+00+j6.20750857504464570447e-01
  +2.35224917063667504635e+00+j5.92792480934191345909e-01
  +2.34407947267018812454e+00+j5.65144140172360032182e-01
  +2.33580743235871679531e+00+j5.37711210189812938154e-01
  +2.32743410123968130776e+00+j5.10490343239294097621e-01
  +2.31896052086475323861e+00+j4.83478257574081637937e-01
  +2.31029411615493751597e+00+j4.56990940616980423350e-01
  +2.30151451260078099281e+00+j4.30758337083382902843e-01
  +2.29263760112123993196e+00+j4.04726549964869897202e-01
  +2.28366429739791065856e+00+j3.78892685814340657302e-01
  +2.27459551026789252859e+00+j3.53253903365648158630e-01
  +2.26545523385366465163e+00+j3.28106376336430360929e-01
  +2.25622513658056211838e+00+j3.03192496784599696547e-01
  +2.24690281540062475329e+00+j2.78466961740573226702e-01
  +2.23748913263853399513e+00+j2.53927264631857052546e-01
  +2.22798494646098399485e+00+j2.29570939896461989616e-01
  +2.21829919377557827076e+00+j2.05817546036111215235e-01
  +2.20851347356411498168e+00+j1.82298665550555738513e-01
  +2.19864027933946903914e+00+j1.58958616126081975217e-01
  +2.18868038344454518551e+00+j1.35795260613749330103e-01
  +2.17863455536076733310e+00+j1.12806494387475239605e-01
  +2.16848199780986838903e+00+j9.03673120037715993380e-02
  +2.15824331592023943571e+00+j6.81427103502289660542e-02
  +2.14792167890858642920e+00+j4.60889349518724747434e-02
  +2.13751781438821542025e+00+j2.42041668517445664188e-02
  +2.12703244825940140927e+00+j2.48661272790548460929e-03
  +2.11647455586104227265e+00-j1.86177150582075602581e-02
  +2.10583882580636450044e+00-j3.95130747296358886267e-02
  +2.09512523519956239682e+00-j6.02439737076291906281e-02
  +2.08433448783615737909e+00-j8.08119381684459792137e-02
  +2.07346728678682667990e+00-j1.01218473931053265513e-01
  +2.06268777743590936424e+00-j1.21285835154017307413e-01
  +2.05184763598580754973e+00-j1.41179848123621692890e-01
  +2.04093436159438157418e+00-j1.60916444715669237908e-01
  +2.02994869882041983900e+00-j1.80496978796500090469e-01
  +2.01889139276240703325e+00-j1.99922789384850169148e-01
  +2.00769559235673700215e+00-j2.18974095924148209891e-01
  +1.99642549660297641267e+00-j2.37856793633008795075e-01
  +1.98508636586378361955e+00-j2.56586824000241131571e-01
  +1.97367893012592721114e+00-j2.75165391848224749616e-01
  +1.96220392003101173906e+00-j2.93593691570822545867e-01
  +1.95067809126337610159e+00-j3.11507924723225138042e-01
  +1.93908861382226471726e+00-j3.29253071339071168300e-01
  +1.92743541831109088669e+00-j3.46849399235466371305e-01
  +1.91571924032752072264e+00-j3.64297955236712267535e-01
  +1.90394081638063750184e+00-j3.81599778967034730659e-01
  +1.89226125831496472252e+00-j3.98534128992052427698e-01
  +1.88052906334181169079e+00-j4.15314802131632465620e-01
  +1.86873878113744407159e+00-j4.31951418422510557971e-01
  +1.85689119223338705567e+00-j4.48444935991428483835e-01
  +1.84498707868892730666e+00-j4.64796309129036910868e-01
  +1.83297292306142112217e+00-j4.80889512259861262589e-01
  +1.82090210134252550311e+00-j4.96839065438815563613e-01
  +1.80877675013247674052e+00-j5.12648881118119126299e-01
  +1.79659761456562483417e+00-j5.28319868107924972556e-01
  +1.78436544050454659605e+00-j5.43852934705124968495e-01
  +1.77209561690124894895e+00-j5.59095649559517293703e-01
  +1.75977474862043825610e+00-j5.74199340678747116584e-01
  +1.74740339522027765540e+00-j5.89166798772175481780e-01
  +1.73498230040675371910e+00-j6.03998875899306675308e-01
  +1.72251220809123517519e+00-j6.18696426198708127053e-01
</dep>
<dep S[2,2] frequency>
  +6.80000288509168826501e-01+j2.78763673369358699894e-01
  +9.65403595538938730236e-01+j3.89470019727909746998e-02
  +9.76651747407516812594e-01-j3.75742391957471361108e-02
  +9.77811599281348309276e-01-j9.23795025466128960634e-02
  +9.75354269368140069929e-01-j1.42514810587156759425e-01
  +9.69782233064950927037e-01-j1.92864666236162385360e-01
  +9.60368433288787959334e-01-j2.45637532809631548014e-01
  +9.45663375370016878740e-01-j3.02062730904595400094e-01
  +9.23476686937386714860e-01-j3.62693392685691284871e-01
  +8.90778449924838455765e-01-j4.27187390540758382684e-01
  +8.43741658249645420931e-01-j4.93691793908319132012e-01
  +7.78271098097138458449e-01-j5.57879456898145220656e-01
  +6.91544432436215883442e-01-j6.11984552740550302730e-01
  +5.84904902529482906282e-01-j6.44927067979782497886e-01
  +4.67104979403047793074e-01-j6.45281908110215463026e-01
  +3.53290661992804788660e-01-j6.04244081707332791886e-01
  +2.63169509484206476380e-01-j5.28659184215301891641e-01
  +2.08199730111918335229e-01-j4.37651228392630486930e-01
  +1.87068769847578392218e-01-j3.48115736524846064448e-01
  +1.91370212593211297403e-01-j2.71057066600716767280e-01
  +2.12023740321520520746e-01-j2.09102766126615657871e-01
  +2.40439799733049713870e-01-j1.62264135280896643065e-01
  +2.70897976505250215329e-01-j1.29274612781923675664e-01
  +3.00620768904081181461e-01-j1.07244001178454242962e-01
  +3.28226239600588054479e-01-j9.36338867578478811771e-02
  +3.53209595451791980025e-01-j8.51879968358351113977e-02
  +3.75427931866482988976e-01-j8.05047995209122319027e-02
  +3.94946417256067661139e-01-j7.93859086497607363553e-02
  +4.11972778713632803438e-01-j8.10039168462272085591e-02
  +4.26745978133802106314e-01-j8.47456797193318206451e-02
  +4.39884074314361939173e-01-j8.89376340080721000669e-02
  +4.51496227549814777014e-01-j9.35244261622866501771e-02
  +4.61491303364907734519e-01-j9.91490536580354325791e-02
  +4.70041419219790812534e-01-j1.05619860266552623163e-01
  +4.77298644244249337110e-01-j1.12790946540672593068e-01
  +4.83974099800267676397e-01-j1.19890410157184476581e-01
  +4.90000826111685328090e-01-j1.26974373007358865006e-01
  +4.95067468958962808578e-01-j1.34428182445809174528e-01
  +4.99260514817779721408e-01-j1.42200145209879363906e-01
  +5.02655889472454653344e-01-j1.50250214781929125607e-01
  +5.05668487617945583423e-01-j1.57955774268111137637e-01
  +5.08241273845526420061e-01-j1.65461680469625199708e-01
  +5.10190703694979652560e-01-j1.73137335355022903283e-01
  +5.11560428274010270400e-01-j1.80967105683019519047e-01
  +5.12389274418424300883e-01-j1.88939153461842507253e-01
  +5.13234791850958216308e-01-j1.96390408716903441810e-01
  +5.13935261413385191531e-01-j2.03524093318574905709e-01
  +5.14184293070743980714e-01-j2.10741834847316955592e-01
  +5.14005130369409091173e-01-j2.18038018691560253615e-01
  +5.13418597582894320475e-01-j2.25408588704081258580e-01
  +5.12937690969963222543e-01-j2.32471611080590390142e-01
  +5.12391332844686298031e-01-j2.39355307472040118588e-01
  +5.11498702350491218915e-01-j2.46280612252559899522e-01
  +5.10273235064953700757e-01-j2.53245410685854821509e-01
  +5.08727049252121754641e-01-j2.60248332429756756845e-01
  +5.07363143124411108964e-01-j2.67063521015701077488e-01
  +5.05989357509946668934e-01-j2.73769698500005376207e-01
  +5.04336067122705178356e-01-j2.80490368475312112917e-01
  +5.02411693278615789637e-01-j2.87224677504337333467e-01
  +5.00223870898141687036e-01-j2.93972164471963837151e-01
  +4.97833667590308559525e-01-j3.00522318281257139194e-01
  +4.95229340684953278640e-01-j3.06962045794106019869e-01
  +4.92388427613464907395e-01-j3.13402938494024119187e-01
  +4.89315695871211153722e-01-j3.19845167409787078938e-01
  +4.86015425979070270213e-01-j3.26289151987245507058e-01
  +4.83058139169427469550e-01-j3.32606626467982446904e-01
  +4.80182384689497310237e-01-j3.38849153092049049096e-01
  +4.77104536404167889341e-01-j3.45080109934615575362e-01
  +4.73828033214391541872e-01-j3.51299470164289695528e-01
  +4.70355986616875942907e-01-j3.57507356627455086251e-01
  +4.67024435100924173447e-01-j3.63444520468506837574e-01
  +4.63671359573772312590e-01-j3.69236485972033345870e-01
  +4.60139654004555642697e-01-j3.75006687846317854351e-01
  +4.56431538111675694225e-01-j3.80754901642781917737e-01
  +4.52548996031932826423e-01-j3.86481003302749870354e-01
  +4.48770499211521123328e-01-j3.92069670878362419586e-01
  +4.44955355701697030657e-01-j3.97578137686659227601e-01
  +4.40980508886778532762e-01-j4.03057686994237496236e-01
  +4.36847462784575035766e-01-j4.08508050383007415007e-01
  +4.32557548902022137582e-01-j4.13929029247597057850e-01
  +4.28451315317789349635e-01-j4.19123768437713706270e-01
  +4.24344548474748284317e-01-j4.24198430695371553334e-01
  +4.20093882465758960976e-01-j4.29236072104577481845e-01
  +4.15700367029890494042e-01-j4.34236165781512251094e-01
  +4.11164918607925644611e-01-j4.39198229209487700508e-01
  +4.06585953995652893411e-01-j4.44331705392651044040e-01
  +4.01912345439534357538e-01-j4.49511830404192680444e-01
  +3.97106454704314271176e-01-j4.54653471594314295690e-01
  +3.92169042872282491707e-01-j4.59756445632700794235e-01
  +3.87100772630267708774e-01-j4.64820607679954478364e-01
  +3.82184460267144365808e-01-j4.69501873046995532590e-01
  +3.77252479735852797038e-01-j4.74006925784829225012e-01
  +3.72199026940261745722e-01-j4.78465113200142178052e-01
  +3.67024586702801136617e-01-j4.82875832462559495539e-01
  +3.61729561260539456136e-01-j4.87238503389675170485e-01
  +3.56698298951861225703e-01-j4.91669384626533589877e-01
  +3.51692440347033619119e-01-j4.96093407668444397185e-01
  +3.46576708285720291869e-01-j5.00468388326191782056e-01
  +3.41351705052624354586e-01-j5.04793790433610056745e-01
  +3.36017971495233380708e-01-j5.09069094352606721365e-01
  +3.30632547592199455000e-01-j5.13311542235441620186e-01
  +3.25161793711997937351e-01-j5.17508252401954305100e-01
  +3.19587764391203232872e-01-j5.21652727106192259932e-01
  +3.13910873255887568067e-01-j5.25744500544263027031e-01
  +3.08131482460533789869e-01-j5.29783121256859335091e-01
  +3.02531289415892634675e-01-j5.33697981527157638837e-01
  +2.96923443788419505474e-01-j5.37535888094151759198e-01
  +2.91221316750001846252e-01-j5.41318093406931932776e-01
  +2.85425334085538051632e-01-j5.45044056764372952806e-01
  +2.79535880532851499503e-01-j5.48713246932283182922e-01
  +2.73573596409017238962e-01-j5.52237157942559231394e-01
  +2.67527581082984966532e-01-j5.55676010937408704216e-01
  +2.61392644656624206778e-01-j5.59054655777790010518e-01
  +2.55169072121735562853e-01-j5.62372523754474107349e-01
  +2.48857111965659433261e-01-j5.65629053086851407706e-01
  +2.42712588247630034477e-01-j5.68705299019188093013e-01
  +2.36554870210800793906e-01-j5.71686468533943115133e-01
  +2.30315746094784723486e-01-j5.74603892128386362081e-01
  +2.23995512073657199181e-01-j5.77456917427307536705e-01
  +2.17594433723609564924e-01-j5.80244895455080289537e-01
  +2.11419059169399570219e-01-j5.83062135766428957240e-01
  +2.05245377180606036749e-01-j5.85838697430966615087e-01
  +1.98997568190269591426e-01-j5.88550350189839033277e-01
  +1.92676035820674357302e-01-j5.91196475530820775290e-01
  +1.86281160086463032366e-01-j5.93776457616221775559e-01
  +1.79900762111468603965e-01-j5.96394377660500851768e-01
  +1.73470605542691724832e-01-j5.98970356293000438797e-01
  +1.66971122524702669798e-01-j6.01479729027862619617e-01
  +1.60402702808596336892e-01-j6.03921949208394481801e-01
  +1.53765715830588928226e-01-j6.06296473092295618024e-01
  +1.47000905564041189910e-01-j6.08569257050803225084e-01
  +1.40156873588747177273e-01-j6.10765320093956565195e-01
  +1.33246747461518599831e-01-j6.12891166441748902471e-01
  +1.26270823946437377172e-01-j6.14946252494522060950e-01
  +1.19229380038442356327e-01-j6.16930037150419385839e-01
  +1.12400250406255675095e-01-j6.18689961888409412083e-01
  +1.05566235374999012331e-01-j6.20347477605634689546e-01
  +9.86742484726481627888e-02-j6.21931526311566007514e-01
  +9.17246743036020384388e-02-j6.23441501117757979067e-01
  +8.47178817671094541719e-02-j6.24876794984391414900e-01
  +7.78274896889560030555e-02-j6.26288013423305645055e-01
  +7.09148125178555022163e-02-j6.27634567653516661778e-01
  +6.39499024966923845792e-02-j6.28907013861550789890e-01
  +5.69331802759474592257e-02-j6.30104799602539400460e-01
  +4.98650534532518452391e-02-j6.31227373002112956968e-01
  +4.28710886078729688786e-02-j6.32238136487558555210e-01
  +3.58494253982073463050e-02-j6.33167192315217008947e-01
  +2.87807108617196896749e-02-j6.34019775626054160611e-01
  +2.16653812233585998936e-02-j6.34795330587094031038e-01
  +1.45038610447170007722e-02-j6.35493301086990203252e-01
  +7.37490504050789669188e-03-j6.36110570402516173338e-01
  +2.14171589573944332052e-04-j6.36649592113494366963e-01
  -6.98895973960329819352e-03-j6.37110247656481609724e-01
  -1.42340524011563412943e-02-j6.37491997355392858715e-01
  -2.15206804747489974239e-02-j6.37794300936545321967e-01
  -2.86468770441414000150e-02-j6.38027562742990661526e-01
  -3.57846959508662174065e-02-j6.38183227501460503817e-01
  -4.29590572655816071990e-02-j6.38259477330543778528e-01
  -5.01694723384106186503e-02-j6.38255793979975227792e-01
  -5.74154613209966468990e-02-j6.38171658438115740886e-01
  -6.45264355496065200590e-02-j6.38032285397073684052e-01
  -7.16500528630038685529e-02-j6.37816139386777392062e-01
  -7.88045733831282402271e-02-j6.37519969697056931857e-01
  -8.59894676432894078388e-02-j6.37143296181351348473e-01
  -9.32042135588338205299e-02-j6.36685638086487593057e-01
  -1.00270224157695153622e-01-j6.36223051167918884907e-01
  -1.07345098904642860527e-01-j6.35688263578493728545e-01
  -1.14445254218426384352e-01-j6.35073602518470226030e-01
  -1.21570118262079807092e-01-j6.34378646855176087094e-01
  -1.28719125256795907664e-01-j6.33602975371475918287e-01
  -1.35876863119770846522e-01-j6.32770316877112604104e-01
  -1.43055229032097802611e-01-j6.31859368051061354166e-01
  -1.50254822651850750148e-01-j6.30867833857191806501e-01
  -1.57475088334485424646e-01-j6.29795332993251855136e-01
  -1.64715476523557280419e-01-j6.28641484279083284648e-01
  -1.71800663228188821297e-01-j6.27394084347059899365e-01
  -1.78890849161997989025e-01-j6.26065612531601534130e-01
  -1.85997061127191082308e-01-j6.24656563770619066567e-01
  -1.93118723348953802432e-01-j6.23166584387874533668e-01
  -2.00255265555969008684e-01-j6.21595320743426271726e-01
  -2.07252979289231864524e-01-j6.20034906391135676174e-01
  -2.14254537600866656888e-01-j6.18399820024697177701e-01
  -2.21267377730438974393e-01-j6.16684942784695322437e-01
  -2.28290906525132286653e-01-j6.14889975137319355625e-01
  -2.35324535727949479824e-01-j6.13014617924954818839e-01
  -2.42344204891452669193e-01-j6.11168128522494802368e-01
  -2.49371746499926660867e-01-j6.09246589564575335984e-01
  -2.56407495389167849886e-01-j6.07245497497613140325e-01
  -2.63450877195352151094e-01-j6.05164597936788450916e-01
  -2.70501322803494925751e-01-j6.03003637196735220449e-01
  -2.77495628162214402757e-01-j6.00677291596757645387e-01
  -2.84491956805082435444e-01-j5.98268035420982391415e-01
  -2.91491298014127764304e-01-j5.95777799787444495294e-01
  -2.98493064553230880165e-01-j5.93206330836667738993e-01
  -3.05496674140006363452e-01-j5.90553374458284263682e-01
  -3.12399567097332742094e-01-j5.87798061280911054993e-01
  -3.19299803447084362684e-01-j5.84961933501758735154e-01
  -3.26198066534603259292e-01-j5.82045038504363065890e-01
  -3.33093763006501175639e-01-j5.79047152765853612166e-01
  -3.39986304306119258012e-01-j5.75968052221139226177e-01
</dep>
