<Qucs Dataset 1.0.6>
<indep frequency 200>
  +1.00000000000000000000e+06
  +3.11457286432160809636e+07
  +6.12914572864321619272e+07
  +9.14371859296482503414e+07
  +1.21582914572864323854e+08
  +1.51728643216080397367e+08
  +1.81874371859296500683e+08
  +2.12020100502512574196e+08
  +2.42165829145728647709e+08
  +2.72311557788944721222e+08
  +3.02457286432160794735e+08
  +3.32603015075376868248e+08
  +3.62748743718593001366e+08
  +3.92894472361809074879e+08
  +4.23040201005025148392e+08
  +4.53185929648241221905e+08
  +4.83331658291457295418e+08
  +5.13477386934673368931e+08
  +5.43623115577889442444e+08
  +5.73768844221105575562e+08
  +6.03914572864321589470e+08
  +6.34060301507537722588e+08
  +6.64206030150753736496e+08
  +6.94351758793969869614e+08
  +7.24497487437186002731e+08
  +7.54643216080402016640e+08
  +7.84788944723618149757e+08
  +8.14934673366834163666e+08
  +8.45080402010050296783e+08
  +8.75226130653266310692e+08
  +9.05371859296482443810e+08
  +9.35517587939698457718e+08
  +9.65663316582914590836e+08
  +9.95809045226130723953e+08
  +1.02595477386934673786e+09
  +1.05610050251256287098e+09
  +1.08624623115577888489e+09
  +1.11639195979899501801e+09
  +1.14653768844221115112e+09
  +1.17668341708542704582e+09
  +1.20682914572864317894e+09
  +1.23697487437185931206e+09
  +1.26712060301507544518e+09
  +1.29726633165829157829e+09
  +1.32741206030150747299e+09
  +1.35755778894472360611e+09
  +1.38770351758793973923e+09
  +1.41784924623115587234e+09
  +1.44799497487437200546e+09
  +1.47814070351758790016e+09
  +1.50828643216080403328e+09
  +1.53843216080402016640e+09
  +1.56857788944723629951e+09
  +1.59872361809045219421e+09
  +1.62886934673366832733e+09
  +1.65901507537688446045e+09
  +1.68916080402010059357e+09
  +1.71930653266331672668e+09
  +1.74945226130653262138e+09
  +1.77959798994974875450e+09
  +1.80974371859296488762e+09
  +1.83988944723618102074e+09
  +1.87003517587939691544e+09
  +1.90018090452261304855e+09
  +1.93032663316582918167e+09
  +1.96047236180904531479e+09
  +1.99061809045226144791e+09
  +2.02076381909547734261e+09
  +2.05090954773869347572e+09
  +2.08105527638190960884e+09
  +2.11120100502512574196e+09
  +2.14134673366834163666e+09
  +2.17149246231155776978e+09
  +2.20163819095477390289e+09
  +2.23178391959799003601e+09
  +2.26192964824120616913e+09
  +2.29207537688442230225e+09
  +2.32222110552763843536e+09
  +2.35236683417085409164e+09
  +2.38251256281407022476e+09
  +2.41265829145728635788e+09
  +2.44280402010050249100e+09
  +2.47294974874371862411e+09
  +2.50309547738693475723e+09
  +2.53324120603015089035e+09
  +2.56338693467336702347e+09
  +2.59353266331658315659e+09
  +2.62367839195979881287e+09
  +2.65382412060301494598e+09
  +2.68396984924623107910e+09
  +2.71411557788944721222e+09
  +2.74426130653266334534e+09
  +2.77440703517587947845e+09
  +2.80455276381909561157e+09
  +2.83469849246231174469e+09
  +2.86484422110552787781e+09
  +2.89498994974874401093e+09
  +2.92513567839195966721e+09
  +2.95528140703517580032e+09
  +2.98542713567839193344e+09
  +3.01557286432160806656e+09
  +3.04571859296482419968e+09
  +3.07586432160804033279e+09
  +3.10601005025125646591e+09
  +3.13615577889447259903e+09
  +3.16630150753768873215e+09
  +3.19644723618090438843e+09
  +3.22659296482412052155e+09
  +3.25673869346733665466e+09
  +3.28688442211055278778e+09
  +3.31703015075376892090e+09
  +3.34717587939698505402e+09
  +3.37732160804020118713e+09
  +3.40746733668341732025e+09
  +3.43761306532663345337e+09
  +3.46775879396984910965e+09
  +3.49790452261306524277e+09
  +3.52805025125628137589e+09
  +3.55819597989949750900e+09
  +3.58834170854271364212e+09
  +3.61848743718592977524e+09
  +3.64863316582914590836e+09
  +3.67877889447236204147e+09
  +3.70892462311557817459e+09
  +3.73907035175879383087e+09
  +3.76921608040200996399e+09
  +3.79936180904522609711e+09
  +3.82950753768844223022e+09
  +3.85965326633165836334e+09
  +3.88979899497487449646e+09
  +3.91994472361809062958e+09
  +3.95009045226130676270e+09
  +3.98023618090452289581e+09
  +4.01038190954773855209e+09
  +4.04052763819095468521e+09
  +4.07067336683417081833e+09
  +4.10081909547738695145e+09
  +4.13096482412060308456e+09
  +4.16111055276381921768e+09
  +4.19125628140703535080e+09
  +4.22140201005025148392e+09
  +4.25154773869346761703e+09
  +4.28169346733668327332e+09
  +4.31183919597989940643e+09
  +4.34198492462311553955e+09
  +4.37213065326633167267e+09
  +4.40227638190954780579e+09
  +4.43242211055276393890e+09
  +4.46256783919598007202e+09
  +4.49271356783919620514e+09
  +4.52285929648241233826e+09
  +4.55300502512562847137e+09
  +4.58315075376884460449e+09
  +4.61329648241206073761e+09
  +4.64344221105527687073e+09
  +4.67358793969849300385e+09
  +4.70373366834170818329e+09
  +4.73387939698492431641e+09
  +4.76402512562814044952e+09
  +4.79417085427135658264e+09
  +4.82431658291457271576e+09
  +4.85446231155778884888e+09
  +4.88460804020100498199e+09
  +4.91475376884422111511e+09
  +4.94489949748743724823e+09
  +4.97504522613065338135e+09
  +5.00519095477386951447e+09
  +5.03533668341708564758e+09
  +5.06548241206030178070e+09
  +5.09562814070351791382e+09
  +5.12577386934673404694e+09
  +5.15591959798995018005e+09
  +5.18606532663316631317e+09
  +5.21621105527638244629e+09
  +5.24635678391959762573e+09
  +5.27650251256281375885e+09
  +5.30664824120602989197e+09
  +5.33679396984924602509e+09
  +5.36693969849246215820e+09
  +5.39708542713567829132e+09
  +5.42723115577889442444e+09
  +5.45737688442211055756e+09
  +5.48752261306532669067e+09
  +5.51766834170854282379e+09
  +5.54781407035175895691e+09
  +5.57795979899497509003e+09
  +5.60810552763819122314e+09
  +5.63825125628140735626e+09
  +5.66839698492462348938e+09
  +5.69854271356783962250e+09
  +5.72868844221105575562e+09
  +5.75883417085427188873e+09
  +5.78897989949748802185e+09
  +5.81912562814070320129e+09
  +5.84927135678391933441e+09
  +5.87941708542713546753e+09
  +5.90956281407035160065e+09
  +5.93970854271356773376e+09
  +5.96985427135678386688e+09
  +6.00000000000000000000e+09
</indep>
<dep dBS11 frequency>
  +1.31025248858195164647e-01
  +3.07425082855611819799e-01
  +5.13785198696711908894e-01
  +7.60584681501586978847e-01
  +1.05207063421306123985e+00
  +1.37664952587072808576e+00
  +1.71745734550410422692e+00
  +2.05445141215358928477e+00
  +2.36602971388183380697e+00
  +2.63151886637573806382e+00
  +2.81922056541772425575e+00
  +2.74987357998049697372e+00
  +2.59350533844138464445e+00
  +2.37037629956863149516e+00
  +1.97924054676818372833e+00
  +1.52507467388068063130e+00
  +1.06879226891379897069e+00
  +5.89079311659843507520e-01
  +8.36553750599523943121e-02
  -3.91703015827418843386e-01
  -8.39213952851072808592e-01
  -1.30950504736024253560e+00
  -1.74514268306190012403e+00
  -2.14387945752620945328e+00
  -2.54757665956537104890e+00
  -2.93051175740155933624e+00
  -3.28265014961920442715e+00
  -3.62430011074036562135e+00
  -3.96059541105611945255e+00
  -4.27118960678029324640e+00
  -4.56173661558175602693e+00
  -4.85807008813860363716e+00
  -5.13307245472510498274e+00
  -5.38613012825141179718e+00
  -5.64481013945294662904e+00
  -5.88981378584494752459e+00
  -6.11639958959191520904e+00
  -6.34024415611381986224e+00
  -6.56159602715084666613e+00
  -6.76732219541445978450e+00
  -6.96296539405928616162e+00
  -7.16463395796805979643e+00
  -7.35240022499379186627e+00
  -7.52575908724406872352e+00
  -7.71059021718496673259e+00
  -7.88590325696078053852e+00
  -8.04877046543549568014e+00
  -8.21289288249399795916e+00
  -8.37541789962105553968e+00
  -8.52667515700341382967e+00
  -8.67220350905785686280e+00
  -8.82270114907533375970e+00
  -8.96277030936399654593e+00
  -9.09200571362950782373e+00
  -9.22796207212899943784e+00
  -9.35489702282223589691e+00
  -9.47168361817480786158e+00
  -9.58935679135073471002e+00
  -9.70369211035393064435e+00
  -9.80819075266168383109e+00
  -9.90852847574632278338e+00
  -1.00118628854235502956e+01
  -1.01057468093465629977e+01
  -1.01899781686225860966e+01
  -1.02827247084793640397e+01
  -1.03663292060458740451e+01
  -1.04405192758798115449e+01
  -1.05150223580653428002e+01
  -1.05846891505465592331e+01
  -1.06448853695895735427e+01
  -1.07013540383759657715e+01
  -1.07585503218711728834e+01
  -1.08064792810471317352e+01
  -1.08457134825211358731e+01
  -1.08883300086454291034e+01
  -1.09218686179378643430e+01
  -1.09462327380930517506e+01
  -1.09719559121026257742e+01
  -1.09924631937725081343e+01
  -1.10039890656645322764e+01
  -1.10110965688511228677e+01
  -1.10158160430803579999e+01
  -1.10119962819448282687e+01
  -1.10005295120237391870e+01
  -1.09879794124596568139e+01
  -1.09673872639806155860e+01
  -1.09388845614476171164e+01
  -1.09086641914632025419e+01
  -1.08725470051989709930e+01
  -1.08290692299960120693e+01
  -1.07829214421744019603e+01
  -1.07350629125452456947e+01
  -1.06806550480020572280e+01
  -1.06214731219273001983e+01
  -1.05649353354949084860e+01
  -1.05025572121986634500e+01
  -1.04345777468706195634e+01
  -1.03634296678899566757e+01
  -1.02876300616714839720e+01
  -1.02069856552788778004e+01
  -1.01253330290684253612e+01
  -1.00427230491224843689e+01
  -9.95602790970890971778e+00
  -9.86644630247257836686e+00
  -9.77713504920014209176e+00
  -9.68435802529764444557e+00
  -9.58832235165938229215e+00
  -9.49293547351309108251e+00
  -9.39526285598810062538e+00
  -9.29499557206015936117e+00
  -9.19497431049165747652e+00
  -9.09483633114932388253e+00
  -8.99270760348249531546e+00
  -8.88951428656769948589e+00
  -8.78700426105702092627e+00
  -8.68295854235247155373e+00
  -8.57749896998442729057e+00
  -8.47357228461813427600e+00
  -8.36865455756311504842e+00
  -8.26263309508204457643e+00
  -8.16093435578587822476e+00
  -8.06176015419157998565e+00
  -7.96184835343109753580e+00
  -7.86259410581440132404e+00
  -7.76591002706611810424e+00
  -7.66873597989927624496e+00
  -7.57113367554709348894e+00
  -7.47423830131693023304e+00
  -7.37711244298766555261e+00
  -7.27978590754638510418e+00
  -7.18216007640359865860e+00
  -7.08440695683094201485e+00
  -6.98665399976347956112e+00
  -6.89053985013876069132e+00
  -6.79760558071181897333e+00
  -6.70486338853661845150e+00
  -6.61238250287094153634e+00
  -6.52163430394642507082e+00
  -6.43123586090241516899e+00
  -6.34121079280472432771e+00
  -6.25351619668699321153e+00
  -6.16706436429389359688e+00
  -6.08108837223460785282e+00
  -5.99679030010802360806e+00
  -5.91487785182211567303e+00
  -5.83355103361737103995e+00
  -5.75299768228766605915e+00
  -5.67521812308319439921e+00
  -5.59812065969931893505e+00
  -5.52171692974023464728e+00
  -5.44959489635827409870e+00
  -5.37941725763568801000e+00
  -5.31006679921726387761e+00
  -5.24134609509958604434e+00
  -5.17324139886444278602e+00
  -5.10603903327348440655e+00
  -5.04017205817727464989e+00
  -4.97825587757009202505e+00
  -4.91734594427359805735e+00
  -4.85745348984350577837e+00
  -4.80158242531047108059e+00
  -4.74754060125286247995e+00
  -4.69463014352284524477e+00
  -4.64246321604965750396e+00
  -4.59105396691057521252e+00
  -4.54083860256980198500e+00
  -4.49267839082139541773e+00
  -4.44985701517866516497e+00
  -4.40833694930230990394e+00
  -4.36813171029350399976e+00
  -4.33002190582452151091e+00
  -4.29343719724356009948e+00
  -4.25826547980035385876e+00
  -4.22630952369680024105e+00
  -4.19735830741653792586e+00
  -4.16989689884842462675e+00
  -4.14407135370034396260e+00
  -4.12024942728305010320e+00
  -4.09799646805756090373e+00
  -4.07732782778210633978e+00
  -4.06029833683273544409e+00
  -4.04514903350151300288e+00
  -4.03167928121223262394e+00
  -4.02224584085152336854e+00
  -4.01623086033489773428e+00
  -4.01200862476640196519e+00
  -4.00952674442681544775e+00
  -4.00870115548919159210e+00
  -4.00973036138750149604e+00
  -4.01262550217863633861e+00
  -4.01969168098401041789e+00
  -4.02880462120100446555e+00
  -4.03985660097167809113e+00
  -4.05490185681709558452e+00
  -4.07310447231315464478e+00
  -4.09329412581683005357e+00
  -4.11588086680836440223e+00
  -4.14135983892432513187e+00
  -4.16886497919906151566e+00
  -4.19839424260627502861e+00
</dep>
<dep dBS21 frequency>
  -2.63632507741090122977e+01
  +7.35045940187704971436e+00
  +1.13389894318871142787e+01
  +1.44061190427297614036e+01
  +1.67621593596658904346e+01
  +1.86461625035492915003e+01
  +2.01916374798258644319e+01
  +2.14699146846493569285e+01
  +2.25180378830984970762e+01
  +2.33551796071857644677e+01
  +2.39850036749297181871e+01
  +2.43230052862029353378e+01
  +2.44833692547363881431e+01
  +2.44966871345285461814e+01
  +2.43313703719891165633e+01
  +2.40630039230807497574e+01
  +2.37379815595753562718e+01
  +2.33704764401825215714e+01
  +2.29744391107173768773e+01
  +2.25685778443821547512e+01
  +2.21607431485710826280e+01
  +2.17585628315221590867e+01
  +2.13599093013448673162e+01
  +2.09666497323827591970e+01
  +2.05951726357500390918e+01
  +2.02328979776414819014e+01
  +1.98764712068146067736e+01
  +1.95344452569333206782e+01
  +1.92061829060207607256e+01
  +1.88828640933253240064e+01
  +1.85675290256358884733e+01
  +1.82704494205451268840e+01
  +1.79768785849561005818e+01
  +1.76866800834964301714e+01
  +1.74164436299534912678e+01
  +1.71515550143833621632e+01
  +1.68891585168625226743e+01
  +1.66385382165702466750e+01
  +1.63978594212624244619e+01
  +1.61590970367602935198e+01
  +1.59246722379932208469e+01
  +1.57003318197054007044e+01
  +1.54773945950033908758e+01
  +1.52558078923102087288e+01
  +1.50514385494500295692e+01
  +1.48499028094326881444e+01
  +1.46495865257784849689e+01
  +1.44556544475718204978e+01
  +1.42662584245796786320e+01
  +1.40777502784206642872e+01
  +1.38930781845387514295e+01
  +1.37170584531236077197e+01
  +1.35418477778865771199e+01
  +1.33674428230057529277e+01
  +1.32009118090557180381e+01
  +1.30353132899147698964e+01
  +1.28703241855912597913e+01
  +1.27119690909333282747e+01
  +1.25576766014234344482e+01
  +1.24040874088138330933e+01
  +1.22531913653860229374e+01
  +1.21070489311096096685e+01
  +1.19614712409340651078e+01
  +1.18165145721618394248e+01
  +1.16799741214143963930e+01
  +1.15440039475764670840e+01
  +1.14086160642115164165e+01
  +1.12773931444973172233e+01
  +1.11483900389925629781e+01
  +1.10200110769418238021e+01
  +1.08940772313431395446e+01
  +1.07718004460607534867e+01
  +1.06501281514051804322e+01
  +1.05293304384689569986e+01
  +1.04135031586345565557e+01
  +1.02982670015025306043e+01
  +1.01836406110625983246e+01
  +1.00714405539243596621e+01
  +9.96046461380477587966e+00
  +9.85008077301288054173e+00
  +9.74223767294913400860e+00
  +9.63764702869180212019e+00
  +9.53364465204740874071e+00
  +9.43062575574501238407e+00
  +9.33150376856643504198e+00
  +9.23299475742328112915e+00
  +9.13511776698665123320e+00
  +9.03983161254313216659e+00
  +8.94572386813011632967e+00
  +8.85228216661654698783e+00
  +8.76040418380970287160e+00
  +8.67014789701887345075e+00
  +8.58050559285538838594e+00
  +8.49205783198680919099e+00
  +8.40741243247281211382e+00
  +8.32341427869817529483e+00
  +8.24008159375853210804e+00
  +8.15831340199856747120e+00
  +8.07737103087249153077e+00
  +7.99709134333735072175e+00
  +7.91845186215287544229e+00
  +7.84136192385588071119e+00
  +7.76492428743843188244e+00
  +7.68958099894397939522e+00
  +7.61662207855662565237e+00
  +7.54434560900715212028e+00
  +7.47276780103164117719e+00
  +7.40260526983875788432e+00
  +7.33319587919465654124e+00
  +7.26445584534951294131e+00
  +7.19679252088103638130e+00
  +7.13006640196128493869e+00
  +7.06396951033427722422e+00
  +6.99910016490396813538e+00
  +6.93664768154919997301e+00
  +6.87483280569638743884e+00
  +6.81366659128742924167e+00
  +6.75386647593474798157e+00
  +6.69477629672183915943e+00
  +6.63635380084249426602e+00
  +6.57872490988720670657e+00
  +6.52177856473358552591e+00
  +6.46543160123699323094e+00
  +6.41014321941617204459e+00
  +6.35653217367870304599e+00
  +6.30352693318028478586e+00
  +6.25113473591594992484e+00
  +6.20051852603209319170e+00
  +6.15053050994784200611e+00
  +6.10115117149165531174e+00
  +6.05279107186951126351e+00
  +6.00523398790275919623e+00
  +5.95827233732943639666e+00
  +5.91178709110813649374e+00
  +5.86563249114315965471e+00
  +5.82002656499712323068e+00
  +5.77501052722078966895e+00
  +5.73194630632096746581e+00
  +5.68941216682243933178e+00
  +5.64740834830874938177e+00
  +5.60573791818610001059e+00
  +5.56448863900789625347e+00
  +5.52373427399175120911e+00
  +5.48373832511418246582e+00
  +5.44462385448900398899e+00
  +5.40596727718459479917e+00
  +5.36780236363794749366e+00
  +5.33054970045242271226e+00
  +5.29372868847378263979e+00
  +5.25733282089455489228e+00
  +5.22035088306875039166e+00
  +5.18339841891643082761e+00
  +5.14677761960257562635e+00
  +5.11114233266982864734e+00
  +5.07666849224395644313e+00
  +5.04250654669332920577e+00
  +5.00857898350066044202e+00
  +4.97445209622401307570e+00
  +4.94055358088354701351e+00
  +4.90686838996165253235e+00
  +4.87381289667189321335e+00
  +4.84103715114051613710e+00
  +4.80842044953120062445e+00
  +4.77585619604869293653e+00
  +4.74330902346926563951e+00
  +4.71084787436590257670e+00
  +4.67857213537820282312e+00
  +4.64692052314136461177e+00
  +4.61529770287295626474e+00
  +4.58368213230390963986e+00
  +4.55104841101041923679e+00
  +4.51817333238263074691e+00
  +4.48520040105133155350e+00
  +4.45287575334998297905e+00
  +4.42108483542283003942e+00
  +4.38914547558606393807e+00
  +4.35704378733821684477e+00
  +4.32477940739637567447e+00
  +4.29228075160425603940e+00
  +4.25952025293197955591e+00
  +4.22624287308889545756e+00
  +4.19261214230712475626e+00
  +4.15862332538163048667e+00
  +4.12415256715601685755e+00
  +4.08920604806481780003e+00
  +4.05382518339930975060e+00
  +4.01796968158512157743e+00
  +3.98158557191860307256e+00
  +3.94467740207033568112e+00
  +3.90721749209521362900e+00
  +3.86919838916086522573e+00
  +3.83058880311187710532e+00
  +3.79136250640423444480e+00
  +3.75161684493395686246e+00
  +3.71128442394934809911e+00
  +3.67027305862769104294e+00
  +3.62880699653389537929e+00
  +3.58715800843700138856e+00
  +3.54477725388819431274e+00
  +3.50164409023358702555e+00
</dep>
<dep dBS12 frequency>
  -6.51754494629506098136e+01
  -3.42309652866363762769e+01
  -3.33567427922167354382e+01
  -3.21379816801272539806e+01
  -3.08515790516474694982e+01
  -2.96121635740826860683e+01
  -2.84820663510081786285e+01
  -2.74984813266724756886e+01
  -2.66867641170087921410e+01
  -2.60651405474951900487e+01
  -2.56647497303930336443e+01
  -2.56753860395088011614e+01
  -2.58380155183795352514e+01
  -2.61302450260354959255e+01
  -2.66699448400146685856e+01
  -2.72886222912466891444e+01
  -2.78960038609713336655e+01
  -2.84932267132646472874e+01
  -2.90395063788845320119e+01
  -2.94418230824063016371e+01
  -2.96857144779420245584e+01
  -2.98180875060139705113e+01
  -2.97746154412233607900e+01
  -2.95793065804303090260e+01
  -2.92995553473466152639e+01
  -2.89416021598954777971e+01
  -2.85259333660444625025e+01
  -2.80931522966593369972e+01
  -2.76586111073726641507e+01
  -2.72146774351638711664e+01
  -2.67716068436283691767e+01
  -2.63439375336018919427e+01
  -2.59226884184601402694e+01
  -2.55095563462220944473e+01
  -2.51272314951980035858e+01
  -2.47575159478115125467e+01
  -2.43967377937236378216e+01
  -2.40532718503165057200e+01
  -2.37256715398096993397e+01
  -2.34061858390582955280e+01
  -2.30971289831638415535e+01
  -2.28048628068840244509e+01
  -2.25188862969460998897e+01
  -2.22386730701538795074e+01
  -2.19749112716866044082e+01
  -2.17176194818307308765e+01
  -2.14652429013316101702e+01
  -2.12229897534127545100e+01
  -2.09888943031825228047e+01
  -2.07587341110207965755e+01
  -2.05346288456572096948e+01
  -2.03204589828142516694e+01
  -2.01094575138062303665e+01
  -1.99013306753085394973e+01
  -1.97015027703539900017e+01
  -1.95045163078609853358e+01
  -1.93098799880889586689e+01
  -1.91224822117922634845e+01
  -1.89399741793873701567e+01
  -1.87593067993836974949e+01
  -1.85808835552713773609e+01
  -1.84053857327382672793e+01
  -1.82315100390543172182e+01
  -1.80591316540382678113e+01
  -1.78947082999813957827e+01
  -1.77316535582521943581e+01
  -1.75698273693509641191e+01
  -1.74132380400398147913e+01
  -1.72596107863372196789e+01
  -1.71069746955183568105e+01
  -1.69573053943846439040e+01
  -1.68120014331678113706e+01
  -1.66674480800672029090e+01
  -1.65236137007667238663e+01
  -1.63816279940180145047e+01
  -1.62403069317359793899e+01
  -1.60995611795746604855e+01
  -1.59635632132518487936e+01
  -1.58295623459992000903e+01
  -1.56959714397066676383e+01
  -1.55644726127540717897e+01
  -1.54357996143634785824e+01
  -1.53075070949106049056e+01
  -1.51796951952752472437e+01
  -1.50536784716885492230e+01
  -1.49279717889373522155e+01
  -1.48025125919947964093e+01
  -1.46785648289948191803e+01
  -1.45551814930495115874e+01
  -1.44319523365687771843e+01
  -1.43105033023913890133e+01
  -1.41910798541727842803e+01
  -1.40717465907697594218e+01
  -1.39533615210747434787e+01
  -1.38401360728904325725e+01
  -1.37269687677203489073e+01
  -1.36138145681279034704e+01
  -1.35002293744585415425e+01
  -1.33865468244195007230e+01
  -1.32728106693796163995e+01
  -1.31604077773221241898e+01
  -1.30492662533646033296e+01
  -1.29380324429398640973e+01
  -1.28272445270028399023e+01
  -1.27186490900501105727e+01
  -1.26099392952319089289e+01
  -1.25010816123014496526e+01
  -1.23934805087658546086e+01
  -1.22859347070489519638e+01
  -1.21782266976682951309e+01
  -1.20714458560379434005e+01
  -1.19653946623310396546e+01
  -1.18592083123932496846e+01
  -1.17533740662780221697e+01
  -1.16489420063627324708e+01
  -1.15443434597662353269e+01
  -1.14395549861423226901e+01
  -1.13362675372468260093e+01
  -1.12329012738416587069e+01
  -1.11293079010588176203e+01
  -1.10279184564480736697e+01
  -1.09278798605903553209e+01
  -1.08276452176219102341e+01
  -1.07281485553318471915e+01
  -1.06307155048730521685e+01
  -1.05330846633550461178e+01
  -1.04352405816392241888e+01
  -1.03380850228891052467e+01
  -1.02407514400863046689e+01
  -1.01432074453401455116e+01
  -1.00455475555481612560e+01
  -9.94775047116355715104e+00
  -9.84975944268089698141e+00
  -9.75243834922777885765e+00
  -9.65660565085100230931e+00
  -9.56060793431227118333e+00
  -9.46447921725003382676e+00
  -9.36968610490631625964e+00
  -9.27476125885485735978e+00
  -9.17969932430532509215e+00
  -9.08537901211000153978e+00
  -8.99129631506482240866e+00
  -8.89709156971784587142e+00
  -8.80346480260325314759e+00
  -8.71082620466157209194e+00
  -8.61810296395269404002e+00
  -8.52545095049123702324e+00
  -8.43462096452874021679e+00
  -8.34372685370521516290e+00
  -8.25277213790761088319e+00
  -8.16358494258481570682e+00
  -8.07497270364743613413e+00
  -7.98636693325308577585e+00
  -7.89792277433815748111e+00
  -7.80969600240075045861e+00
  -7.72151215184541772629e+00
  -7.63358524095153168076e+00
  -7.54718726813926465979e+00
  -7.46090769532145792198e+00
  -7.37475976810574973541e+00
  -7.29115743028489404765e+00
  -7.20830687258906888104e+00
  -7.12564946116656994235e+00
  -7.04271971318033074283e+00
  -6.95953061579692722205e+00
  -6.87660864375422775652e+00
  -6.79459977270882653499e+00
  -6.71590951886435405527e+00
  -6.63754714518108546173e+00
  -6.55953333937854488056e+00
  -6.48207636772495021660e+00
  -6.40507420592478382559e+00
  -6.32852119557480197187e+00
  -6.25368708165576947522e+00
  -6.18040658403390175124e+00
  -6.10762958885660456332e+00
  -6.03543742922413883889e+00
  -5.96400329934288730982e+00
  -5.89316087228873719539e+00
  -5.82293797402564372589e+00
  -5.75442227912124071310e+00
  -5.68669946596717501563e+00
  -5.61968530497787188693e+00
  -5.55475879889602275341e+00
  -5.49155555309784126905e+00
  -5.42915121806180955844e+00
  -5.36753579018911253229e+00
  -5.30667429345538010921e+00
  -5.24669999148123178401e+00
  -5.18764152948123058451e+00
  -5.13085842327680730079e+00
  -5.07510740056975429013e+00
  -5.02034717982266265324e+00
  -4.96763736150514390033e+00
  -4.91655071439465096717e+00
  -4.86651317301567321039e+00
  -4.81770135214067707352e+00
  -4.77030574194279921585e+00
  -4.72401628351982960652e+00
  -4.67885485814665180726e+00
</dep>
<dep dBS22 frequency>
  -2.10087001315406932123e-02
  -4.08856075026672372008e-01
  -2.48962596696592874945e-01
  -1.75002503577104506771e-01
  -1.18203813945840813249e-01
  -7.64443224557384698459e-02
  -5.85391738765000183009e-02
  -7.85344595719930371747e-02
  -1.53406368667822506913e-01
  -3.00220790561482098191e-01
  -5.43877834076529120821e-01
  -1.01674846267240859277e+00
  -1.58596946010323991416e+00
  -2.22983793899024096419e+00
  -3.02116830361947874550e+00
  -3.86753979120881830056e+00
  -4.71375111380360323210e+00
  -5.56307137729909140234e+00
  -6.40813693512626603166e+00
  -7.20761788767789823851e+00
  -7.95957336664830172879e+00
  -8.71198476433975699251e+00
  -9.40514031511987624867e+00
  -1.00324961693965306608e+01
  -1.06234721641072908938e+01
  -1.11546567970344234766e+01
  -1.16147316498288866171e+01
  -1.20218798681876783974e+01
  -1.23810772355201947903e+01
  -1.26725646686851725065e+01
  -1.29084849495825348953e+01
  -1.31349380334664171954e+01
  -1.33061653920099871584e+01
  -1.34255878755143669423e+01
  -1.35254934309843832807e+01
  -1.35884421626988487475e+01
  -1.36143438309990010282e+01
  -1.36167062559943214950e+01
  -1.35983651028642338332e+01
  -1.35556596231144421694e+01
  -1.34978958651383109668e+01
  -1.34421897711219884286e+01
  -1.33723865092317382164e+01
  -1.32909782608382300850e+01
  -1.31997561508459284596e+01
  -1.31004579850570106458e+01
  -1.29948793537541043008e+01
  -1.28933248642766393743e+01
  -1.27939735774068612528e+01
  -1.26918484855410333978e+01
  -1.25883805005603264249e+01
  -1.24849152364472040233e+01
  -1.23809587218398569064e+01
  -1.22771576356179465961e+01
  -1.21804939152919100565e+01
  -1.20849971938626854495e+01
  -1.19908143049302324812e+01
  -1.18916855738890721028e+01
  -1.17908749052968992999e+01
  -1.16923594267119597134e+01
  -1.15995088371972610020e+01
  -1.15156177913468553697e+01
  -1.14340594121510896741e+01
  -1.13549635190618616321e+01
  -1.12714347241344228223e+01
  -1.11904893086061481000e+01
  -1.11122494849279220830e+01
  -1.10321882435051641380e+01
  -1.09528948078944630140e+01
  -1.08765275911999736991e+01
  -1.08033818432480934746e+01
  -1.07335291949037987536e+01
  -1.06665622158470050351e+01
  -1.06024938360123961445e+01
  -1.05406316297972502127e+01
  -1.04815502722339921604e+01
  -1.04252974431086364859e+01
  -1.03709560366018305189e+01
  -1.03190748921288548701e+01
  -1.02700228894823357706e+01
  -1.02213235798821457934e+01
  -1.01719009638773645321e+01
  -1.01252089062941781350e+01
  -1.00808359899291684059e+01
  -1.00352805677296572640e+01
  -9.99245366269089529965e+00
  -9.95238660081735915242e+00
  -9.91356831185238895898e+00
  -9.87707853285150960687e+00
  -9.84336013974110812796e+00
  -9.81279985752731320758e+00
  -9.78531416639139095537e+00
  -9.76047876926794444330e+00
  -9.73696937234671189287e+00
  -9.70841174206675994185e+00
  -9.68244242981389646729e+00
  -9.65909764558902672604e+00
  -9.64059809982136606266e+00
  -9.62515254478511295133e+00
  -9.61236250773895584132e+00
  -9.60077221515536649576e+00
  -9.59039367766963124495e+00
  -9.58263873662519571894e+00
  -9.57656716211338476796e+00
  -9.56917290783855278846e+00
  -9.56443743239194610339e+00
  -9.56241227591435105637e+00
  -9.56181671812007927258e+00
  -9.56370697956720583477e+00
  -9.56830954640260777921e+00
  -9.57367997401552095482e+00
  -9.58018017467482074778e+00
  -9.58937179753542068283e+00
  -9.60061958362057410454e+00
  -9.61245713179230776291e+00
  -9.62701291312177254156e+00
  -9.64435592544971953544e+00
  -9.66287862135786035367e+00
  -9.68411257549452741955e+00
  -9.70825808024576986099e+00
  -9.73226881716653835497e+00
  -9.75715689884852466207e+00
  -9.78492036477035576070e+00
  -9.81392989721309660922e+00
  -9.84179465784165152797e+00
  -9.87260514100148434125e+00
  -9.90644756235242596176e+00
  -9.94188648436221811266e+00
  -9.98040718519554204136e+00
  -1.00221370779619523006e+01
  -1.00666913427949982207e+01
  -1.01142922756780038185e+01
  -1.01652710828945913590e+01
  -1.02181273251625199805e+01
  -1.02713527693833697185e+01
  -1.03280499327559223133e+01
  -1.03881980491626038088e+01
  -1.04470139821071565933e+01
  -1.05094091857402425205e+01
  -1.05755049079937677448e+01
  -1.06441842463413127717e+01
  -1.07161974425126249599e+01
  -1.07921646194153524334e+01
  -1.08708796431556962148e+01
  -1.09515909015365142665e+01
  -1.10364445585470445366e+01
  -1.11252566414578275555e+01
  -1.12144123554374974816e+01
  -1.13079664281928966574e+01
  -1.14060670088264330957e+01
  -1.15048407384383857277e+01
  -1.16067889300807358666e+01
  -1.17132701944168076125e+01
  -1.18237030461622261157e+01
  -1.19380075419083517829e+01
  -1.20572049199371136297e+01
  -1.21807343845661115722e+01
  -1.23042886956999790726e+01
  -1.24326373750145968700e+01
  -1.25658557365872436407e+01
  -1.26957012632196537538e+01
  -1.28281589502380413137e+01
  -1.29651949388714129441e+01
  -1.31080976483605375904e+01
  -1.32568297786023059359e+01
  -1.34099225598825295691e+01
  -1.35650333212505529445e+01
  -1.37134250299536208928e+01
  -1.38652761293667854403e+01
  -1.40202852606966139604e+01
  -1.41763670429316519517e+01
  -1.43338957674202980286e+01
  -1.44924769507094630683e+01
  -1.46474734915459201545e+01
  -1.47989790518620480952e+01
  -1.49495377779020799380e+01
  -1.50981512348209072627e+01
  -1.52436007088060208048e+01
  -1.53842899595672371049e+01
  -1.55186858819353936667e+01
  -1.56416941038152508270e+01
  -1.57546750784639755238e+01
  -1.58561522751283234811e+01
  -1.59373905793684418342e+01
  -1.59992644215804773467e+01
  -1.60451692396505265492e+01
  -1.60738765292101319915e+01
  -1.60842909505939850590e+01
  -1.60744898970546721273e+01
  -1.60436493753454527678e+01
  -1.59874903043405414138e+01
  -1.59109606683049449316e+01
  -1.58145469732297332399e+01
  -1.56997873821919000648e+01
  -1.55677990876935030684e+01
  -1.54191929680639798761e+01
  -1.52567983469185612933e+01
  -1.50840469636907705819e+01
  -1.48988738431195635314e+01
  -1.47026533731052584386e+01
</dep>
<dep S[1,1] frequency>
  +1.01483953977406105018e+00-j2.70204230372092166212e-02
  +1.03395444817211457078e+00-j6.55059960906338445419e-02
  +1.05714974341624734500e+00-j8.95544411257368500046e-02
  +1.08339616309945907524e+00-j1.32872672148335452258e-01
  +1.11157651686077185715e+00-j1.96234694205190962624e-01
  +1.13724360600717777636e+00-j2.82239836171822022770e-01
  +1.15366290915920322036e+00-j3.92591163189966618763e-01
  +1.15222171862062250369e+00-j5.26568733946734202078e-01
  +1.12358920844619403212e+00-j6.79564681351495947226e-01
  +1.05996271123857677132e+00-j8.42279290997656748807e-01
  +9.56592604502612964268e-01-j9.99421327860405162014e-01
  +8.05645513927960355005e-01-j1.11109385944526284362e+00
  +6.35845221388412262797e-01-j1.18856319696048506884e+00
  +4.60977104496972767134e-01-j1.23023881618777752855e+00
  +2.98257902627780902005e-01-j1.21999083585042344957e+00
  +1.54889813183651664508e-01-j1.18183153902965254467e+00
  +3.12199435542666048349e-02-j1.13050912651802026865e+00
  -6.80848659019056556829e-02-j1.06800495021623809144e+00
  -1.44288408462860007209e-01-j9.99314731889729968017e-01
  -2.07447515466618215285e-01-j9.33123992453063433317e-01
  -2.59034791080340720537e-01-j8.70165656420406330440e-01
  -2.95030337626551397712e-01-j8.07865502653817069145e-01
  -3.25286582102834009866e-01-j7.50520137539728460219e-01
  -3.51150107589067173031e-01-j6.97918426026338689638e-01
  -3.67434118445938096009e-01-j6.49004394508554405263e-01
  -3.80129408639811483539e-01-j6.03963980312558490482e-01
  -3.91274814460736974908e-01-j5.62593527419674943602e-01
  -3.98772138494997097080e-01-j5.24462576323298179659e-01
  -4.03021121317319097610e-01-j4.89192912351182118691e-01
  -4.06877651931634720661e-01-j4.56572779940775053120e-01
  -4.09907592094383321779e-01-j4.26357863996097263826e-01
  -4.10042332976956580559e-01-j3.98243993354373715388e-01
  -4.10269769245447113448e-01-j3.71972944434377339462e-01
  -4.10671794631572883993e-01-j3.47382152964455848121e-01
  -4.08870853894307439980e-01-j3.24684948120020688833e-01
  -4.06948402169941492179e-01-j3.03374620728374899681e-01
  -4.05337544775892011373e-01-j2.83279333146682077427e-01
  -4.02755617984624003647e-01-j2.64666835824390156429e-01
  -3.99416363059853840589e-01-j2.47357864669963123383e-01
  -3.96439355827744810412e-01-j2.30961982654268732640e-01
  -3.93443822206577253908e-01-j2.15492301813164865987e-01
  -3.89459025759532451172e-01-j2.01061567944713859291e-01
  -3.85854715923519608900e-01-j1.87327606341539720791e-01
  -3.82644162829798073489e-01-j1.74240539618911893793e-01
  -3.78253876517230080978e-01-j1.62279881777726509018e-01
  -3.74070069428121432242e-01-j1.50930019247346058897e-01
  -3.70258498343401465380e-01-j1.40100371552108526885e-01
  -3.66045120108754118426e-01-j1.30070868696196162428e-01
  -3.61658058653335334753e-01-j1.20697550981014742333e-01
  -3.57638804133480592284e-01-j1.11728658091481608539e-01
  -3.53689196500832747638e-01-j1.03278249196399329879e-01
  -3.49294896379464869796e-01-j9.55587605588577165827e-02
  -3.45257641879379240102e-01-j8.81677309449711565925e-02
  -3.41583971508381045723e-01-j8.10798253264399804152e-02
  -3.37447971193388485123e-01-j7.47242815368930612951e-02
  -3.33620301058662249716e-01-j6.86401278707506889987e-02
  -3.30142177736399089483e-01-j6.27849020827399711964e-02
  -3.26521867264694676258e-01-j5.74485168807403606683e-02
  -3.22963812205821154677e-01-j5.24904859574094745378e-02
  -3.19747416441387821706e-01-j4.77194210744524976997e-02
  -3.16638515037200307667e-01-j4.32272786521819413208e-02
  -3.13363428146896438875e-01-j3.91226480712926899530e-02
  -3.10416786521467980009e-01-j3.51555567985615269322e-02
  -3.07797994307980604667e-01-j3.13094713908941973957e-02
  -3.04823823686535211319e-01-j2.79255116866495706196e-02
  -3.02164886992787318221e-01-j2.46433337366677024383e-02
  -2.99823679680234378431e-01-j2.14453816273453279351e-02
  -2.97436180049054255115e-01-j1.86831256735537909464e-02
  -2.95200165595778774019e-01-j1.61498380623795179112e-02
  -2.93281644600048407856e-01-j1.36641875028419568228e-02
  -2.91475675215413843056e-01-j1.13667070764230382363e-02
  -2.89631505519997278775e-01-j9.36031915253979218683e-03
  -2.88093908012308164146e-01-j7.36737145041052587935e-03
  -2.86838776082240287657e-01-j5.38307808335269921685e-03
  -2.85462596529124090772e-01-j3.58722872857128449731e-03
  -2.84379393214658215960e-01-j1.77356748139878561688e-03
  -2.83588325620610537392e-01+j7.36905499904849659032e-05
  -2.82745198457446944573e-01+j1.60143448151928158296e-03
  -2.82066440189561506990e-01+j3.05209570565573296008e-03
  -2.81671799097115038713e-01+j4.57101947263247043729e-03
  -2.81415026947751556463e-01+j5.97561498761484122255e-03
  -2.81233576848287369909e-01+j7.19361374386986995866e-03
  -2.81320673245835539689e-01+j8.50835094023610905012e-03
  -2.81647183025207192841e-01+j9.89967361272459100974e-03
  -2.82010076823463962103e-01+j1.11041496301177156081e-02
  -2.82625163590519534740e-01+j1.24328310513644735291e-02
  -2.83487795581587154192e-01+j1.38997053834893635749e-02
  -2.84406900656002659122e-01+j1.52894776018530076378e-02
  -2.85512129219417876147e-01+j1.67724918059259653358e-02
  -2.86848508118197564887e-01+j1.84237265983707987349e-02
  -2.88269401840182792895e-01+j2.01212018864335706603e-02
  -2.89744542682220551644e-01+j2.18517988055542677905e-02
  -2.91424630908252602080e-01+j2.37793977555509628008e-02
  -2.93255823230668344337e-01+j2.58419708247686341629e-02
  -2.95017627791141490157e-01+j2.76950416337480576079e-02
  -2.96962624554689635925e-01+j2.97629005997977758025e-02
  -2.99082216232673392398e-01+j3.20572644268588002880e-02
  -3.01313287231862458881e-01+j3.43889511887947862956e-02
  -3.03690994198735908505e-01+j3.69243325146784151514e-02
  -3.06216533265197599079e-01+j3.97140485003538434849e-02
  -3.08767338756169462677e-01+j4.26388936051084188605e-02
  -3.11338927256174846647e-01+j4.57073369977631094319e-02
  -3.14025366016609353004e-01+j4.90480108254983671046e-02
  -3.16794628413166967640e-01+j5.25749300472098668457e-02
  -3.19577057785865981110e-01+j5.60009835721735349523e-02
  -3.22447839886467302328e-01+j5.97155405321889432013e-02
  -3.25394922768955319192e-01+j6.37274680593083453495e-02
  -3.28297283990845734092e-01+j6.78631148549133089709e-02
  -3.31234468828240480320e-01+j7.22799697523714979042e-02
  -3.34207657383313816446e-01+j7.70094808579430689655e-02
  -3.37133991905594398997e-01+j8.18921392385771329536e-02
  -3.40015144856008200147e-01+j8.69651750954676949767e-02
  -3.42890009064271139572e-01+j9.23609830063286396662e-02
  -3.45726542709280992849e-01+j9.80281938346424241981e-02
  -3.48477068359161090694e-01+j1.03848302437254347286e-01
  -3.51180574859831839962e-01+j1.09994804454008471284e-01
  -3.53821654338709989940e-01+j1.16471901246930575891e-01
  -3.56316796378914169008e-01+j1.23102696686411772209e-01
  -3.58716519118715826409e-01+j1.30051774360915611828e-01
  -3.61009738133890867307e-01+j1.37335102392037500252e-01
  -3.63011593053207515247e-01+j1.44728463326306067138e-01
  -3.64768062474190468691e-01+j1.52301296164746857720e-01
  -3.66368595284817466506e-01+j1.60192985765784334795e-01
  -3.67781154745702443254e-01+j1.68288246929513579664e-01
  -3.68975005768808261841e-01+j1.76419828290067914889e-01
  -3.69972712091538313839e-01+j1.84855352350540735884e-01
  -3.70757212081700704420e-01+j1.93592579372056761144e-01
  -3.71450373261355770715e-01+j2.02263552666235885136e-01
  -3.71911908046384742654e-01+j2.11218233699820623350e-01
  -3.72121776599019238319e-01+j2.20460471453095191441e-01
  -3.72122499370169945720e-01+j2.29902699305864349766e-01
  -3.71870284599611355958e-01+j2.39579397965867413323e-01
  -3.71317625607557377787e-01+j2.49526643085003080325e-01
  -3.70414261172259950960e-01+j2.59638791449896988439e-01
  -3.69116665379292940852e-01+j2.69810530706063644857e-01
  -3.67471677831762211230e-01+j2.80216866242912976404e-01
  -3.65465025845702284890e-01+j2.90841187224566088965e-01
  -3.63181265166233724351e-01+j3.01428334036559608666e-01
  -3.60511021324218805528e-01+j3.12212770263304906226e-01
  -3.57438158544217732260e-01+j3.23182447941396444602e-01
  -3.53898350273317452430e-01+j3.34217610868409897851e-01
  -3.49906974045280483310e-01+j3.45361437427249118315e-01
  -3.45469000162121286923e-01+j3.56641711987545906304e-01
  -3.40588013264601863206e-01+j3.67932277256100115359e-01
  -3.35267356330921473262e-01+j3.79152120882469134688e-01
  -3.29468121405016522996e-01+j3.90452807454959860411e-01
  -3.23183959568361545145e-01+j4.01797266349483206405e-01
  -3.16485681519712291898e-01+j4.12953433129813474167e-01
  -3.09283472236016487855e-01+j4.24129478807695303733e-01
  -3.01566300887920857310e-01+j4.35304769697144544605e-01
  -2.93285706064800255621e-01+j4.46219583273594622153e-01
  -2.84467776207414368983e-01+j4.57002541170815623772e-01
  -2.75117927798180783583e-01+j4.67704779083834565334e-01
  -2.65352764080032721417e-01+j4.78248516390560207689e-01
  -2.55206655346627508951e-01+j4.88601259633473172794e-01
  -2.44520285803467185559e-01+j4.98808534553101812214e-01
  -2.33288921117963177210e-01+j5.08814738931308907510e-01
  -2.21513994180462081562e-01+j5.18407721802036980385e-01
  -2.09200895359331340284e-01+j5.27767723791467635586e-01
  -1.96349306016663394114e-01+j5.36867148340780087068e-01
  -1.83130116102423579072e-01+j5.45411634290396518665e-01
  -1.69436673826487749217e-01+j5.53576007905226874506e-01
  -1.55234597576601823787e-01+j5.61396117352438772663e-01
  -1.40539781669736546510e-01+j5.68868802921966620900e-01
  -1.25356436365403195454e-01+j5.75966660300125554706e-01
  -1.09681216561136746224e-01+j5.82634184647310870986e-01
  -9.35686440750830988877e-02+j5.88775822597794928903e-01
  -7.72159967750515596752e-02+j5.94113997173748242808e-01
  -6.04347898506829017684e-02+j5.98940210235196723865e-01
  -4.32403896215760724653e-02+j6.03226631731869522568e-01
  -2.56371275552009086907e-02+j6.06892474118466140887e-01
  -7.65640140440700112112e-03+j6.09949567769338396594e-01
  +1.06785020025562255030e-02+j6.12379589373542865260e-01
  +2.91646707665211835092e-02+j6.14037943745271430629e-01
  +4.77882367880178432484e-02+j6.14928459036272578864e-01
  +6.66739293551938949633e-02+j6.15132846462331572823e-01
  +8.57761712500492851108e-02+j6.14621512335911002189e-01
  +1.05018715499183942774e-01+j6.13356726287398901221e-01
  +1.24434814164723614449e-01+j6.11343309220667596726e-01
  +1.43992162153533997948e-01+j6.08561999862318181442e-01
  +1.63474270035314783733e-01+j6.04891830642359074055e-01
  +1.82999951120175197161e-01+j6.00417292433984006728e-01
  +2.02551698626254245150e-01+j5.95135768604164616669e-01
  +2.21914641044354959964e-01+j5.88920244560580563586e-01
  +2.41088311136362698495e-01+j5.81806265141555423170e-01
  +2.60154349899811399016e-01+j5.73870720555923585771e-01
  +2.79058686320519222512e-01+j5.65120415332847736423e-01
  +2.97738280318541881364e-01+j5.55573822047249921141e-01
  +3.16187766761017452488e-01+j5.45198593773457362843e-01
  +3.34364080084953108063e-01+j5.33996408349997619958e-01
  +3.52003474569862306875e-01+j5.21919267839227041250e-01
  +3.69264497037949834812e-01+j5.09037512772453015764e-01
  +3.86114999834157535119e-01+j4.95364041608273464323e-01
  +4.02339348561623955103e-01+j4.80862950264934196909e-01
  +4.17964263932275426061e-01+j4.65583313643386287328e-01
  +4.33046735184634490334e-01+j4.49574079294546957719e-01
  +4.47480347687561064163e-01+j4.32881575144506924868e-01
  +4.61153038855544206154e-01+j4.15566543958336920284e-01
  +4.74169023917033527482e-01+j3.97603500621192540443e-01
  +4.86491003084007389567e-01+j3.79020444293027614080e-01
</dep>
<dep S[1,2] frequency>
  -4.42771193559059412018e-04-j3.28117122771930970742e-04
  -9.09392799297897673483e-03+j1.71694132879433476735e-02
  -4.19595189994678187395e-03+j2.10726761490871231097e-02
  +8.72204619959039955529e-04+j2.47075955190429498443e-02
  +6.53190826277880165485e-03+j2.79155497790539164349e-02
  +1.28057317165101713918e-02+j3.04864682860139374343e-02
  +1.95890821690359560880e-02+j3.21659814357717621647e-02
  +2.66408275504869951344e-02+j3.26981294297677277383e-02
  +3.35699925698524706541e-02+j3.18989567296084491899e-02
  +3.98672247894816880742e-02+j2.97505591123534141040e-02
  +4.49458619139512863261e-02+j2.63313408849198717088e-02
  +4.76852938813522586603e-02+j2.08073384495614036038e-02
  +4.86183613980389894849e-02+j1.56076783264793260420e-02
  +4.80647071075611248547e-02+j1.12896950029993461961e-02
  +4.57303892119577531927e-02+j7.84478043174118705450e-03
  +4.28285846985161644529e-02+j5.71700861869257111886e-03
  +3.99972270441665625484e-02+j4.85024879679989834314e-03
  +3.72833521980984877731e-02+j4.96929729528704840907e-03
  +3.48404836334821957355e-02+j5.80224100433373961294e-03
  +3.29468714275010232662e-02+j7.18703664461098172545e-03
  +3.15403217666941002029e-02+j8.95867329988048709255e-03
  +3.03886405736419201729e-02+j1.09227770194186349362e-02
  +2.97161569729323601918e-02+j1.30467222845171704204e-02
  +2.94691463800967612396e-02+j1.52736574964397273796e-02
  +2.94772865348534342245e-02+j1.74959261427686252333e-02
  +2.97985552957183222333e-02+j1.96980736544158235857e-02
  +3.04227915091738049247e-02+j2.18765088423208825530e-02
  +3.12391224909687355293e-02+j2.39870351511783409804e-02
  +3.22201298774636019084e-02+j2.60070905108624565727e-02
  +3.34215734048522311594e-02+j2.79648049406606147294e-02
  +3.48106669993972842048e-02+j2.98532690176387671688e-02
  +3.63284227151434574443e-02+j3.16366487322925563075e-02
  +3.80190461718507496935e-02+j3.33399859125771136359e-02
  +3.98699048373358302944e-02+j3.49653940807819335612e-02
  +4.17757080215642173648e-02+j3.64111143242945925480e-02
  +4.38009244490833102303e-02+j3.77536948349526876867e-02
  +4.59523041134752563419e-02+j3.90114673200081946147e-02
  +4.81706078316755242907e-02+j4.01513327128314168046e-02
  +5.04529923481101885696e-02+j4.11721948492820635779e-02
  +5.28362439995808813586e-02+j4.21035313379432840630e-02
  +5.52933729045840885452e-02+j4.29379783813920584690e-02
  +5.77655115410790620523e-02+j4.36502838982592150652e-02
  +6.03237495999911360611e-02+j4.42725295572599514271e-02
  +6.29647853070132157427e-02+j4.48063959588337196172e-02
  +6.56063819813268306325e-02+j4.51877340222738496656e-02
  +6.83086222580251284375e-02+j4.54685442574333659183e-02
  +7.10763127680568151945e-02+j4.56563321676011490968e-02
  +7.38579676616536451306e-02+j4.57244628338065867146e-02
  +7.66629112251286520818e-02+j4.56773334968059926964e-02
  +7.95218499916868493127e-02+j4.55337508674066374081e-02
  +8.24099240400106430871e-02+j4.52805886250762859579e-02
  +8.52835840992931804028e-02+j4.48931222742375291013e-02
  +8.81990955420997868597e-02+j4.44075880729874611363e-02
  +9.11547839682777527592e-02+j4.38246551622967911443e-02
  +9.40853257940037490670e-02+j4.31211946988839592287e-02
  +9.70458233129779662685e-02+j4.23158446676335994741e-02
  +1.00037482885212761219e-01+j4.14098973633781827774e-02
  +1.02992518566168728134e-01+j4.03943784859474991356e-02
  +1.05933707884343128458e-01+j3.92748457897415179096e-02
  +1.08895945948214514787e-01+j3.80570744364825755413e-02
  +1.11872756619845636905e-01+j3.67317791706911339622e-02
  +1.14854393984182678867e-01+j3.52838765632870199340e-02
  +1.17849139407484232445e-01+j3.37309130561400105641e-02
  +1.20855083622340514493e-01+j3.20725883298297528845e-02
  +1.23780872676543807209e-01+j3.02682947548198640064e-02
  +1.26708025445092853367e-01+j2.83581784186456055397e-02
  +1.29635068309092438277e-01+j2.63422004197710057927e-02
  +1.32498128516826796375e-01+j2.42047800376850065496e-02
  +1.35324717389701920656e-01+j2.19561687478062594892e-02
  +1.38140691995719766538e-01+j1.96037285082073485520e-02
  +1.40910189175489614088e-01+j1.71481553638310781074e-02
  +1.43605128261426767677e-01+j1.45901290982648236538e-02
  +1.46281175605612184798e-01+j1.19284743761716924282e-02
  +1.48935859701609163430e-01+j9.16113625722289950937e-03
  +1.51547579742117410895e-01+j6.25489348008621045411e-03
  +1.54130508327403853430e-01+j3.24184032611434577026e-03
  +1.56682975251374728698e-01+j1.21814957182966171478e-04
  +1.59125374767055377534e-01-j3.10003545901082772779e-03
  +1.61502209857293632655e-01-j6.42512690741565452301e-03
  +1.63838951325170012474e-01-j9.85518163509210148865e-03
  +1.66100245343218155814e-01-j1.33876373810109562668e-02
  +1.68267293912555127022e-01-j1.70198264030587756435e-02
  +1.70382976816062042813e-01-j2.07548488905267176918e-02
  +1.72442433495434088719e-01-j2.45895983991940292324e-02
  +1.74419415247027642657e-01-j2.84990279240053372145e-02
  +1.76336949283168897828e-01-j3.25099587330573147614e-02
  +1.78193040702588345603e-01-j3.66224041518662946082e-02
  +1.79953573681249118232e-01-j4.08507195632133446317e-02
  +1.81636594722647148892e-01-j4.51830964148821137560e-02
  +1.83248376407946222955e-01-j4.96154306700567759858e-02
  +1.84741811799128130556e-01-j5.41686218591739057637e-02
  +1.86103446307971903684e-01-j5.88439950636264197392e-02
  +1.87380096629717107781e-01-j6.36171021398435065919e-02
  +1.88550935679271919332e-01-j6.84769237813604714216e-02
  +1.89527055932369570268e-01-j7.33685977166403657801e-02
  +1.90408204969298194831e-01-j7.83491626559568721255e-02
  +1.91191965360153592890e-01-j8.34181271392626932926e-02
  +1.91884182165738242931e-01-j8.85802502468177876960e-02
  +1.92473833031803487348e-01-j9.38320556826612306445e-02
  +1.92956363416792286980e-01-j9.91720907397432849262e-02
  +1.93294594778437356375e-01-j1.04587496405878818684e-01
  +1.93485704693706933588e-01-j1.10075758309795490586e-01
  +1.93558227270211047344e-01-j1.15646807679923982470e-01
  +1.93501250786850931274e-01-j1.21284029639129153910e-01
  +1.93288229094768365668e-01-j1.26935917292573641202e-01
  +1.92948060958271550014e-01-j1.32663139718159517333e-01
  +1.92477684306995050489e-01-j1.38464689258553513840e-01
  +1.91822712604377720869e-01-j1.44341569737528430117e-01
  +1.91020874345199764832e-01-j1.50287745005812239940e-01
  +1.90075489387570573108e-01-j1.56301369190972649914e-01
  +1.88941985935267786623e-01-j1.62379687158168528605e-01
  +1.87623175675188991196e-01-j1.68517193531930176142e-01
  +1.86146421062046707462e-01-j1.74711845996849052254e-01
  +1.84494872662313125211e-01-j1.80953391083934572725e-01
  +1.82637541457474517070e-01-j1.87220074028082800188e-01
  +1.80611140726368329945e-01-j1.93533012454830788407e-01
  +1.78412049346565043662e-01-j1.99889782787447956025e-01
  +1.76000811232122411631e-01-j2.06248041971531792527e-01
  +1.73407095865146243518e-01-j2.12638719177278445738e-01
  +1.70629864253613816594e-01-j2.19061823594729199183e-01
  +1.67588715388661518846e-01-j2.25472510122486785589e-01
  +1.64306976317095232432e-01-j2.31875263428410999245e-01
  +1.60829057089330651475e-01-j2.38291019538421466883e-01
  +1.57142826594682927244e-01-j2.44683590389028926548e-01
  +1.53235660811900487044e-01-j2.51000746745067893073e-01
  +1.49125783902496533706e-01-j2.57313460150083828104e-01
  +1.44809785524592199435e-01-j2.63617446897095542013e-01
  +1.40327306071586305203e-01-j2.69849675144619938205e-01
  +1.35635521353924870525e-01-j2.76062222309780336271e-01
  +1.30730149652922456038e-01-j2.82251534366701417600e-01
  +1.25595186696703359219e-01-j2.88413866317069222944e-01
  +1.20232572054469591394e-01-j2.94541142654033250015e-01
  +1.14645298783809981846e-01-j3.00626688742423708867e-01
  +1.08811674895759546988e-01-j3.06636489586790184081e-01
  +1.02713553079700134485e-01-j3.12534600735253409454e-01
  +9.63839428188518615448e-02-j3.18366179582885377997e-01
  +8.98198261482979626313e-02-j3.24122973720122220520e-01
  +8.30123890073960896130e-02-j3.29740085259313642219e-01
  +7.59692549591886312488e-02-j3.35265864185846584888e-01
  +6.86882211755814597876e-02-j3.40692932339351384208e-01
  +6.11348136797313299051e-02-j3.45983081590476859724e-01
  +5.33274184496466546745e-02-j3.51142822135249665916e-01
  +4.52778316621145690557e-02-j3.56175764074194489694e-01
  +3.69772514473726068851e-02-j3.61044634515734319535e-01
  +2.84232786324807792933e-02-j3.65721959058100953843e-01
  +1.96277213076230562516e-02-j3.70241789261760101404e-01
  +1.05920654326715161370e-02-j3.74588032834396456039e-01
  +1.34192225267542632194e-03-j3.78674643168572355734e-01
  -8.14421812451949188316e-03-j3.82573842889300519410e-01
  -1.78658687671362885474e-02-j3.86275679854644837796e-01
  -2.78411957195965203971e-02-j3.89686323426796765723e-01
  -3.80509690386032634057e-02-j3.92847179353828179771e-01
  -4.84865126696073928114e-02-j3.95773518010055502803e-01
  -5.91137288029217056184e-02-j3.98452213386937370565e-01
  -6.99194513834998088164e-02-j4.00873866864702277368e-01
  -8.09400304944918463912e-02-j4.03030961733383708001e-01
  -9.21745719007670827327e-02-j4.04901497656422026949e-01
  -1.03632043103397977757e-01-j4.06407001409752499654e-01
  -1.15285961483874183076e-01-j4.07608884758899003842e-01
  -1.27130790853926534112e-01-j4.08495406085775614180e-01
  -1.39093617657147616828e-01-j4.08951342697498221312e-01
  -1.51208163344227375369e-01-j4.09045289235399400773e-01
  -1.63481881289423258696e-01-j4.08790837560836117781e-01
  -1.75926668600341812310e-01-j4.08194812399713446993e-01
  -1.88536724492780388696e-01-j4.07244513717030520716e-01
  -2.01282435451722585551e-01-j4.05908652949394155307e-01
  -2.14132012930174642218e-01-j4.04149785203212486007e-01
  -2.26984271731138692596e-01-j4.01861396547875560081e-01
  -2.39925697434119344909e-01-j3.99159785904681374546e-01
  -2.52944008412666732077e-01-j3.96034757016434646459e-01
  -2.66059802114245291804e-01-j3.92441257236708807010e-01
  -2.79228759308767560121e-01-j3.88394852396676815154e-01
  -2.92430167884004443835e-01-j3.83891924092353065134e-01
  -3.05568657813492461361e-01-j3.78898305648508459953e-01
  -3.18634191032149627354e-01-j3.73416971804834019188e-01
  -3.31677268311021844482e-01-j3.67464586082505095810e-01
  -3.44678968747813785356e-01-j3.61031508037121473542e-01
  -3.57616263184897975602e-01-j3.54104352497783325671e-01
  -3.70475909295408911692e-01-j3.46687575963118721489e-01
  -3.83238570735103922793e-01-j3.38776386773387117035e-01
  -3.95816660332287795221e-01-j3.30349636475022301330e-01
  -4.08247112288121105639e-01-j3.21423922901243108718e-01
  -4.20516044531281663055e-01-j3.11999262790138176538e-01
  -4.32531403704332573223e-01-j3.02032413075575989492e-01
  -4.44285551380310061997e-01-j2.91542763725770703864e-01
  -4.55804697372940381683e-01-j2.80563464473265911092e-01
  -4.67066540923255668627e-01-j2.69102089049217840788e-01
  -4.78049086676962664555e-01-j2.57170752795059243123e-01
  -4.88730200415054660823e-01-j2.44761077592912934531e-01
  -4.99086978186583762884e-01-j2.31879181004219392381e-01
  -5.09013239788844162881e-01-j2.18511016863754736761e-01
  -5.18562066758820106038e-01-j2.04693153037246555748e-01
  -5.27715262344943925044e-01-j1.90437052211961804771e-01
  -5.36376693301864326813e-01-j1.75764240213279521186e-01
  -5.44556216544761273468e-01-j1.60690179745114763987e-01
  -5.52275475961965800487e-01-j1.45224687043396916142e-01
  -5.59498403605839023101e-01-j1.29405377050603759281e-01
  -5.66190092898885333206e-01-j1.13277178542406042894e-01
  -5.72366277700604442202e-01-j9.68110493214225514835e-02
  -5.78008518819620897844e-01-j8.00256963834396622959e-02
</dep>
<dep S[2,1] frequency>
  -3.85148031038608316262e-03-j4.79113860590145643203e-02
  -1.71775897270156985286e+00-j1.57555771512674436252e+00
  -2.27881484977255377444e+00-j2.90142759724766019502e+00
  -3.22414973459947074019e+00-j4.14559753227368243955e+00
  -4.55024335519940326122e+00-j5.17137018862059427704e+00
  -6.24076849896596375089e+00-j5.85410427756568196855e+00
  -8.23664411484026004473e+00-j6.05550275273270166565e+00
  -1.04155550037320416834e+01-j5.63869033359039750763e+00
  -1.25813538727413849472e+01-j4.50306539893975710243e+00
  -1.44778052132488870285e+01-j2.63117821196054446631e+00
  -1.58209934314474267580e+01-j1.37635385759007355944e-01
  -1.62457314667988548251e+01+j2.58054688489653027972e+00
  -1.58953934982970128686e+01+j5.30071308389466810951e+00
  -1.48743044274179858633e+01+j7.77035728242639045504e+00
  -1.33693145520176592811e+01+j9.61072954709541882323e+00
  -1.16452054983225306017e+01+j1.09200931296054069009e+01
  -9.85610892830064422299e+00+j1.18042006454160155471e+01
  -8.15861073058812458214e+00+j1.22772564374069705906e+01
  -6.63325669564848219295e+00+j1.24239789173667283251e+01
  -5.23073062218058026929e+00+j1.23813448826585990048e+01
  -3.97013940386524843973e+00+j1.21943964885724831504e+01
  -2.93436011931103823969e+00+j1.18873207595174275042e+01
  -2.00389824909742220171e+00+j1.15219103456432563348e+01
  -1.16777606767716646274e+00+j1.11160150608814412010e+01
  -4.84764445855638603788e-01+j1.06982622150373654080e+01
  +1.14190935375173552302e-01+j1.02711260872736289684e+01
  +6.53615292784884616140e-01+j9.83709827366326905462e+00
  +1.11903759601867447415e+00+j9.41182970514385530691e+00
  +1.51872788373638600845e+00+j8.99935233768389153397e+00
  +1.88006899139625138773e+00+j8.58978304652317703471e+00
  +2.20045689891072360211e+00+j8.18913700601968486126e+00
  +2.46118687412793057945e+00+j7.81616229127438000290e+00
  +2.69679354639196411370e+00+j7.44902786140608963450e+00
  +2.90957339423259231381e+00+j7.08790696178057189059e+00
  +3.08733549369585658084e+00+j6.75506574497193490458e+00
  +3.24522792165372697681e+00+j6.43172440838788617157e+00
  +3.38702788136041954559e+00+j6.11423019848661297715e+00
  +3.50944530198542947730e+00+j5.81377900697289540233e+00
  +3.61504968467267762122e+00+j5.52824466065488717703e+00
  +3.70872256645029452216e+00+j5.24800344330600054832e+00
  +3.78984485493780631771e+00+j4.97626724823240706996e+00
  +3.85616439150247991563e+00+j4.72084292189235821269e+00
  +3.91329876895607720044e+00+j4.47026039859071033788e+00
  +3.96177349937296963134e+00+j4.22441949938153804567e+00
  +4.00284728806966061398e+00+j3.99709424515328004546e+00
  +4.03670638508218004858e+00+j3.77538462160028398529e+00
  +4.06366534734539452955e+00+j3.55782470797507199833e+00
  +4.08283335383508028116e+00+j3.35081810704397931033e+00
  +4.09521680129213105914e+00+j3.15218092966103746733e+00
  +4.10201840965056518939e+00+j2.95737270979422506301e+00
  +4.10395640277339168733e+00+j2.76867095221248060710e+00
  +4.10218174721040718111e+00+j2.58972045253624738592e+00
  +4.09577013829415736978e+00+j2.41425762211291239367e+00
  +4.08492002531007791788e+00+j2.24224236445999469680e+00
  +4.07012174064565535048e+00+j2.08121534207344183187e+00
  +4.05149493128950055620e+00+j1.92377541265683560390e+00
  +4.02918734872577921635e+00+j1.76955205442842555819e+00
  +4.00542169304043582656e+00+j1.62137535826355771995e+00
  +3.97951428084352887282e+00+j1.47783634114955297889e+00
  +3.95045170194852612866e+00+j1.33727440520343754393e+00
  +3.91878586727486055707e+00+j1.20145684430466315185e+00
  +3.88519488943367141687e+00+j1.07224355209669730549e+00
  +3.84894519619926889220e+00+j9.45816933886163280221e-01
  +3.81015733289331937073e+00+j8.22178901501060432899e-01
  +3.77170443357190876554e+00+j7.05182925720135855840e-01
  +3.73097761757867329990e+00+j5.90788712750654143591e-01
  +3.68806662372856752796e+00+j4.78978242770082440760e-01
  +3.64441813265204261896e+00+j3.71225738224218615446e-01
  +3.59940896115854025439e+00+j2.66632475174444216748e-01
  +3.55251138694049961586e+00+j1.64494918679995466571e-01
  +3.50451073975772509073e+00+j6.57693556799678058500e-02
  +3.45600841838539363238e+00-j2.89443566713304123450e-02
  +3.40589287568560994401e+00-j1.21336649483486463952e-01
  +3.35433530770735988114e+00-j2.11310418083366202691e-01
  +3.30313301188074603942e+00-j2.97050854564664068569e-01
  +3.25054868800871865631e+00-j3.80593440276195627003e-01
  +3.19664109201912260971e+00-j4.61953722851665249394e-01
  +3.14232393078003768849e+00-j5.40054346109677174681e-01
  +3.08712737779580992381e+00-j6.15649302453577851324e-01
  +3.03080216358869947157e+00-j6.89149264966763874796e-01
  +2.97426568799311041857e+00-j7.59930164794746398904e-01
  +2.91791800918360078043e+00-j8.27807127800471942436e-01
  +2.86061682186773991177e+00-j8.93696724839420975073e-01
  +2.80257774066242948408e+00-j9.57512371608656098765e-01
  +2.74517354686547454534e+00-j1.01851298689079561299e+00
  +2.68696842301663707531e+00-j1.07762277434443065616e+00
  +2.62800296149060041984e+00-j1.13485631987253698938e+00
  +2.56920820114741488283e+00-j1.18980629821474859220e+00
  +2.50998263237679619664e+00-j1.24282572494738952074e+00
  +2.45011993838173136595e+00-j1.29404815812696760702e+00
  +2.39024254940383640289e+00-j1.34300746045557084507e+00
  +2.33047576816977297653e+00-j1.38967779905364929860e+00
  +2.27018908951791509310e+00-j1.43462741875261223790e+00
  +2.20964657161687849651e+00-j1.47783122587083837196e+00
  +2.14995848114776988425e+00-j1.51914657740198211222e+00
  +2.08984915460479392380e+00-j1.55881641305183871182e+00
  +2.02934757742355209587e+00-j1.59685358774317842645e+00
  +1.96911289236423447946e+00-j1.63291590372051476088e+00
  +1.90867101895208590712e+00-j1.66732205344433492833e+00
  +1.84792223806075028847e+00-j1.70015660141922975157e+00
  +1.78745172152940745569e+00-j1.73124791813361222914e+00
  +1.72725382736016053187e+00-j1.76063954459026361654e+00
  +1.66682961685117780881e+00-j1.78852041429943353634e+00
  +1.60638795318520255506e+00-j1.81489517472537409404e+00
  +1.54651502995983403110e+00-j1.83977093174619898974e+00
  +1.48648650878205113024e+00-j1.86319233658679217491e+00
  +1.42632314818026406655e+00-j1.88516963259802250441e+00
  +1.36678152265002839094e+00-j1.90541717563451062922e+00
  +1.30725218932365683244e+00-j1.92421820530034271002e+00
  +1.24765662468702109855e+00-j1.94162245358417862029e+00
  +1.18853077738246026840e+00-j1.95744595391878117852e+00
  +1.12978533279788684318e+00-j1.97175752900860601358e+00
  +1.07104337278009409395e+00-j1.98471844063112179413e+00
  +1.01255398609569846613e+00-j1.99638884883726852593e+00
  +9.54802727979803700364e-01-j2.00689922749216975717e+00
  +8.97102868230762018342e-01-j2.01610868426143685639e+00
  +8.39471323860551121854e-01-j2.02402428568535697195e+00
  +7.82177892026322263419e-01-j2.03074484464941074080e+00
  +7.25004347965102047269e-01-j2.03619683777018956050e+00
  +6.67948035111974980360e-01-j2.04037979721809659139e+00
  +6.11651628521110546366e-01-j2.04314151158959367294e+00
  +5.55913775372788188101e-01-j2.04456643216302413890e+00
  +5.00358925346239269416e-01-j2.04476489185796950210e+00
  +4.45197299549514646788e-01-j2.04381131767115675757e+00
  +3.90712934453403715196e-01-j2.04182013992291011562e+00
  +3.36460493185164466468e-01-j2.03864053012715018554e+00
  +2.82455753440959245193e-01-j2.03427769618107712191e+00
  +2.29240523455898070893e-01-j2.02895055833140380841e+00
  +1.76311594176621316832e-01-j2.02247196243951510297e+00
  +1.23673229848812002429e-01-j2.01484185091437817405e+00
  +7.15314450852303357342e-02-j2.00615118103191880650e+00
  +1.98088220944755144526e-02-j1.99636671921265618224e+00
  -3.15757831581134490451e-02-j1.98544884496584628231e+00
  -8.24011529107733786681e-02-j1.97338157249709711394e+00
  -1.32457715077384297064e-01-j1.96016355296219280113e+00
  -1.82114581569656319715e-01-j1.94584181024109237335e+00
  -2.31338774267972779874e-01-j1.93043075694908150552e+00
  -2.79565192231927939215e-01-j1.91432132929498033391e+00
  -3.27345476499657672687e-01-j1.89714270974171705930e+00
  -3.74661959283636714080e-01-j1.87889869830331579514e+00
  -4.21287189010426832425e-01-j1.85959614592488531315e+00
  -4.67322903716664794782e-01-j1.83924515956279588380e+00
  -5.12835215052646509193e-01-j1.81784972804905597954e+00
  -5.57653775433892717750e-01-j1.79552092934025697701e+00
  -6.01678554043902913406e-01-j1.77233246729791327212e+00
  -6.45124148639108274672e-01-j1.74812780795339262063e+00
  -6.87946665281413460846e-01-j1.72292966752515286366e+00
  -7.29863748205285989279e-01-j1.69695607232964151834e+00
  -7.71143411627417618703e-01-j1.66999698926980011393e+00
  -8.11764184124219800864e-01-j1.64205778934189772222e+00
  -8.51235608525414355618e-01-j1.61315289136255257674e+00
  -8.89844438534117765371e-01-j1.58330485106924623295e+00
  -9.27715786637620665189e-01-j1.55252132504035311733e+00
  -9.64804238770048838703e-01-j1.52098723957304149401e+00
  -1.00109131066309697822e+00-j1.48876291558231987899e+00
  -1.03658516938598466162e+00-j1.45563442569586642961e+00
  -1.07120305622932110445e+00-j1.42163798448409028907e+00
  -1.10456708520630653148e+00-j1.38696118839703519399e+00
  -1.13706343921693675547e+00-j1.35143401585861422376e+00
  -1.16866657488492897699e+00-j1.31506845995140175809e+00
  -1.19902328759893150867e+00-j1.27830386881627910967e+00
  -1.22837232172255728102e+00-j1.24085631413986918758e+00
  -1.25676852904654068332e+00-j1.20264108915405132372e+00
  -1.28419058259610019412e+00-j1.16364254910183384517e+00
  -1.31060861158890640255e+00-j1.12387356267913363084e+00
  -1.33599004642768215412e+00-j1.08338387121000012669e+00
  -1.36024610807323420580e+00-j1.04231209417902226377e+00
  -1.38313244834775561642e+00-j1.00115118779784006975e+00
  -1.40493254058452921029e+00-j9.59360599904813149408e-01
  -1.42562097002134136048e+00-j9.16962612738855487038e-01
  -1.44499995930833580182e+00-j8.73888848672724649624e-01
  -1.46317654628783233584e+00-j8.30250408501938208516e-01
  -1.48015406859111497972e+00-j7.86090905798602856969e-01
  -1.49587496182081314267e+00-j7.41838766021943207818e-01
  -1.51035061188710884039e+00-j6.97476825727530558297e-01
  -1.52359556641701510138e+00-j6.52694474054849371747e-01
  -1.53559166873185604096e+00-j6.07518761363996517844e-01
  -1.54632596596832172509e+00-j5.61971274300537948498e-01
  -1.55576128554208659160e+00-j5.16102587226549669452e-01
  -1.56387720660291096308e+00-j4.69949110718453189062e-01
  -1.57053516754205912953e+00-j4.23826818169429409000e-01
  -1.57583732734696724265e+00-j3.77536911249112705491e-01
  -1.57978050426045757426e+00-j3.31090791087265523540e-01
  -1.58226655493742995873e+00-j2.84891180254305598218e-01
  -1.58333422826009306839e+00-j2.38889047299156859205e-01
  -1.58303831038248943308e+00-j1.92876747851858570959e-01
  -1.58136894465303390334e+00-j1.46879496997355973864e-01
  -1.57831416506682353784e+00-j1.00909758489147252658e-01
  -1.57386762675544900070e+00-j5.50672390092919045168e-02
  -1.56802531749121865090e+00-j9.40025228626592546100e-03
  -1.56080065467772532983e+00+j3.55276046983767912479e-02
  -1.55221264841846884330e+00+j8.01513037439317843624e-02
  -1.54226438650569175337e+00+j1.24447933455394343927e-01
  -1.53100667248276822718e+00+j1.68152558750931602205e-01
  -1.51844529093935731723e+00+j2.11309547527297136860e-01
  -1.50456784525056219692e+00+j2.53994562704596527070e-01
  -1.48944874243249225643e+00+j2.96067657478653434300e-01
  -1.47318569052684900100e+00+j3.37383364455464795917e-01
  -1.45566756270335240231e+00+j3.78093204803969240579e-01
  -1.43691330239381764855e+00+j4.18149451265412974710e-01
</dep>
<dep S[2,2] frequency>
  +9.95579928704230621150e-01-j6.32048662440899966519e-02
  +9.52993885557457232061e-01-j4.42224834601033928161e-02
  +9.53075027045021894168e-01-j1.89563722141550677902e-01
  +9.28782031424668752528e-01-j3.12840538912130317062e-01
  +8.86162391087357281805e-01-j4.33434930910063742626e-01
  +8.22968433557126566313e-01-j5.52516978120779933548e-01
  +7.36505297716305573630e-01-j6.66461732117544003451e-01
  +6.25454297747245813177e-01-j7.68691234693056557603e-01
  +4.91463016697637256058e-01-j8.50739420593093820244e-01
  +3.40401136554457361960e-01-j9.04065220328815533080e-01
  +1.82291399675241216904e-01-j9.21445382056661266290e-01
  +3.07803607049208505231e-02-j8.89001347304084310608e-01
  -9.91348233732218531156e-02-j8.27189178192669238854e-01
  -2.01060047475565550901e-01-j7.46999854798645390730e-01
  -2.66525255665033156127e-01-j6.53998920307778175420e-01
  -3.04542811353378017891e-01-j5.63640150215373614273e-01
  -3.23451663023031521504e-01-j4.82858145435725916172e-01
  -3.27074657082443764899e-01-j4.13275913469922429044e-01
  -3.20395354216067462794e-01-j3.54971502349923140329e-01
  -3.09366724487034616686e-01-j3.07415615785922413661e-01
  -2.95889971338806456735e-01-j2.69110835727972730336e-01
  -2.79321356420912159102e-01-j2.37705957628750796928e-01
  -2.63483686139880435295e-01-j2.12734327431384373508e-01
  -2.48933705860033216428e-01-j1.93097256765168812098e-01
  -2.34082213465966887389e-01-j1.78416421379550660387e-01
  -2.20628110266939597706e-01-j1.67263708984373482558e-01
  -2.09062160915238715031e-01-j1.58876783704547247522e-01
  -1.98708064838444220523e-01-j1.52622936912251760955e-01
  -1.89440645095458354286e-01-j1.48011855124327684763e-01
  -1.81854669955198500197e-01-j1.44818462928723301619e-01
  -1.75559244674024339528e-01-j1.42705951048261975300e-01
  -1.69253531658391020986e-01-j1.41204420407936487303e-01
  -1.64306478896127261535e-01-j1.40394234077522273019e-01
  -1.60648034104425491142e-01-j1.40116064360694070334e-01
  -1.57121920668027076351e-01-j1.40426573441482044347e-01
  -1.54504509289012131878e-01-j1.41054117592777999990e-01
  -1.52907027721489008343e-01-j1.41869975488640803762e-01
  -1.51728622308255400863e-01-j1.43046894028730081638e-01
  -1.50968106242956090490e-01-j1.44487542053634426820e-01
  -1.51023302432254397099e-01-j1.45916071489711696163e-01
  -1.51667913672180632023e-01-j1.47264557907369197931e-01
  -1.52389307434864507140e-01-j1.48473657668754477346e-01
  -1.53741268034806588538e-01-j1.49545963045629087818e-01
  -1.55685761579510445474e-01-j1.50441759125045426693e-01
  -1.57514037260959166575e-01-j1.51838811909574877834e-01
  -1.59786402559342705088e-01-j1.53104613927551314045e-01
  -1.62537040433931773142e-01-j1.54141371160427864684e-01
  -1.65237430432696702498e-01-j1.55118076756485340217e-01
  -1.67996472183529255151e-01-j1.55983351782331497448e-01
  -1.71124474649353514044e-01-j1.56590187915424366993e-01
  -1.74471226761448244824e-01-j1.57038544046719408254e-01
  -1.77805517718425371010e-01-j1.57527754262011321362e-01
  -1.81424613175924509534e-01-j1.57740147678206238391e-01
  -1.85304378662327823291e-01-j1.57661598940828234783e-01
  -1.88864630140010814063e-01-j1.57662154356059014404e-01
  -1.92608361513163822698e-01-j1.57400418706167999350e-01
  -1.96538404815339518006e-01-j1.56850195789538737756e-01
  -2.00686418388266535340e-01-j1.56250155745456392742e-01
  -2.05013071174695193921e-01-j1.55492609854062185937e-01
  -2.09469908154614636864e-01-j1.54433492351031681489e-01
  -2.13822222159743169367e-01-j1.53202412079236099940e-01
  -2.17818833104302223003e-01-j1.51971724792982765262e-01
  -2.21894639353956590888e-01-j1.50467439429391142136e-01
  -2.26031823852400559627e-01-j1.48688808577616099482e-01
  -2.30126481174178332267e-01-j1.47180240134490603054e-01
  -2.34266952239782610956e-01-j1.45406522759617212737e-01
  -2.38437487655256796781e-01-j1.43365408619947454216e-01
  -2.42665943509446563331e-01-j1.41278144082851719876e-01
  -2.46922360985191741145e-01-j1.39026682126229039760e-01
  -2.51174080822080036945e-01-j1.36510564966790703956e-01
  -2.55335587292658428016e-01-j1.33848312987545070563e-01
  -2.59350123369120555417e-01-j1.31136327048997580746e-01
  -2.63327421543483264355e-01-j1.28180816680875109270e-01
  -2.67246303599012247076e-01-j1.25003093910788065646e-01
  -2.70968958558936656722e-01-j1.21946591275965382506e-01
  -2.74631270550968697997e-01-j1.18668387751775933348e-01
  -2.78221419943690706500e-01-j1.15170429169943730474e-01
  -2.81681377456804327153e-01-j1.11663099101908747102e-01
  -2.85038967717136826341e-01-j1.08024145214380501434e-01
  -2.88301252250444783876e-01-j1.04183605848539542760e-01
  -2.91488728750885717211e-01-j1.00328628185798546246e-01
  -2.94617752073230487753e-01-j9.65376930647798142671e-02
  -2.97641345739541873794e-01-j9.25621456524992336501e-02
  -3.00560738581648667633e-01-j8.84259040400292711803e-02
  -3.03456759220339489236e-01-j8.42906931896954952910e-02
  -3.06229032650764343426e-01-j7.99855702695458636864e-02
  -3.08868684534834181399e-01-j7.55149426593270944874e-02
  -3.11405497860313018599e-01-j7.09698164596761077449e-02
  -3.13808508979787570414e-01-j6.62949973399702408017e-02
  -3.16059733884668681014e-01-j6.14722993814618562380e-02
  -3.18107116471251227807e-01-j5.66793957625385397270e-02
  -3.19950438905219236574e-01-j5.19544158270435207925e-02
  -3.21637541095241230593e-01-j4.71104371848157232883e-02
  -3.23208185726610863764e-01-j4.21916854801391363883e-02
  -3.24880857604518347159e-01-j3.73767284549413603134e-02
  -3.26393894922041516438e-01-j3.24503372391672789687e-02
  -3.27740906913096374797e-01-j2.74183309179875170369e-02
  -3.28826962944682554824e-01-j2.23702892796836111389e-02
  -3.29722450359647534235e-01-j1.72547324080134234503e-02
  -3.30440080270893665748e-01-j1.20621847588623515302e-02
  -3.31029617755947414004e-01-j6.90775901481122112102e-03
  -3.31492705992739167264e-01-j1.79110037054958093350e-03
  -3.31776399518616704754e-01+j3.38281039549481743478e-03
  -3.31914395551279217678e-01+j8.59473611447500451810e-03
  -3.32021594053986290884e-01+j1.38040465287793123750e-02
  -3.31943086461258030084e-01+j1.90565863092377607568e-02
  -3.31674893383982261064e-01+j2.43452967098533590296e-02
  -3.31280978025756567273e-01+j2.94789749754270913318e-02
  -3.30711618145871522056e-01+j3.46090587193362830831e-02
  -3.29955384991864386635e-01+j3.97528561562301152588e-02
  -3.29103300143324783988e-01+j4.47813115430222563607e-02
  -3.28142446154821965099e-01+j4.97181672192996693127e-02
  -3.27001196079241551740e-01+j5.46507077840686361636e-02
  -3.25707429645893664638e-01+j5.95554209377958942984e-02
  -3.24325610763526284153e-01+j6.43945569457576860728e-02
  -3.22765804622114016453e-01+j6.92110346064986059478e-02
  -3.21026544013602532779e-01+j7.39973495770130107463e-02
  -3.19185685447617273347e-01+j7.86907664010259022547e-02
  -3.17174012171525909753e-01+j8.33383414141468936709e-02
  -3.14984973062270856570e-01+j8.79365804830911090839e-02
  -3.12773371538563771388e-01+j9.23663468345131966064e-02
  -3.10493445888617158879e-01+j9.66683919579049977244e-02
  -3.08050046893667051062e-01+j1.00907090153873973959e-01
  -3.05508428250264030268e-01+j1.05081535124701502815e-01
  -3.02960621134903962393e-01+j1.09200907278305697767e-01
  -3.00253648594525690552e-01+j1.13245612570677306463e-01
  -2.97388285629110127317e-01+j1.17207938345328221974e-01
  -2.94419570784911488470e-01+j1.21095921844703358072e-01
  -2.91298777472966730073e-01+j1.24888681031800286014e-01
  -2.88026456033965594372e-01+j1.28578118126844942459e-01
  -2.84648987296395539204e-01+j1.32102459138003419659e-01
  -2.81152925072785608851e-01+j1.35483145277901867454e-01
  -2.77519406533111412383e-01+j1.38740661907557377708e-01
  -2.73824026660146824241e-01+j1.41851614871602443868e-01
  -2.70140044621714592310e-01+j1.44801314838174238764e-01
  -2.66334819290978019879e-01+j1.47615623120907313304e-01
  -2.62416960101428564656e-01+j1.50288385954318259863e-01
  -2.58558009439423974740e-01+j1.52862287361659132667e-01
  -2.54591975768894362986e-01+j1.55290486430112562033e-01
  -2.50523393077531797424e-01+j1.57565915262140116004e-01
  -2.46419348724582987220e-01+j1.59662941863297991318e-01
  -2.42251475533512034000e-01+j1.61589533369585869327e-01
  -2.38000551813330241124e-01+j1.63347218049405162876e-01
  -2.33721839951262194690e-01+j1.64936364700562609897e-01
  -2.29450219301261887361e-01+j1.66360391361702136814e-01
  -2.25116914085868258244e-01+j1.67604932721723109967e-01
  -2.20737155384875427533e-01+j1.68670385991043725316e-01
  -2.16409448474174648247e-01+j1.69627197913166855026e-01
  -2.12039337957005358248e-01+j1.70395089673484462223e-01
  -2.07634749972982091126e-01+j1.70968637424315644813e-01
  -2.03375472047981425971e-01+j1.71330471980565168799e-01
  -1.99158435350862361712e-01+j1.71496214449880030051e-01
  -1.94938482547876490436e-01+j1.71467252317935830996e-01
  -1.90719897098772184219e-01+j1.71276538883007367620e-01
  -1.86507701702015304956e-01+j1.70931908285059247499e-01
  -1.82316666384633979670e-01+j1.70384052218912757093e-01
  -1.78178644799234203733e-01+j1.69635558381211387635e-01
  -1.74236151406117367735e-01+j1.68724654269970492093e-01
  -1.70346728329290930670e-01+j1.67616114104953917163e-01
  -1.66521116630237192568e-01+j1.66308620882736318825e-01
  -1.62898939856299829199e-01+j1.64985750497443323104e-01
  -1.59382555747877657781e-01+j1.63519940884429754169e-01
  -1.55950792175849672905e-01+j1.61868301762975064229e-01
  -1.52616277219364077089e-01+j1.59984115210040911403e-01
  -1.49395386762285614646e-01+j1.57866381246561576779e-01
  -1.46299898775834658071e-01+j1.55566205813485902709e-01
  -1.43361652768559222348e-01+j1.53140111249494503820e-01
  -1.40657128485853155642e-01+j1.50804052533153903903e-01
  -1.38094024673219184507e-01+j1.48307428307882294138e-01
  -1.35683710791931172457e-01+j1.45654149394709442333e-01
  -1.33555459498614331748e-01+j1.42791211438240944753e-01
  -1.31628426525365271882e-01+j1.39780662103057923273e-01
  -1.29894187911660741186e-01+j1.36639505804129812727e-01
  -1.28325255396013693243e-01+j1.33526603348962519258e-01
  -1.26922623931002592768e-01+j1.30428313238660498197e-01
  -1.25725307909386740945e-01+j1.27222257610551614526e-01
  -1.24750345153054414959e-01+j1.23909094538527442264e-01
  -1.24026348430623850616e-01+j1.20479512203225197498e-01
  -1.23540078892120652743e-01+j1.16972983906363847684e-01
  -1.23300895221913092703e-01+j1.13400686837302477894e-01
  -1.23330996935596848285e-01+j1.09857179341009858486e-01
  -1.23621096032813473919e-01+j1.06284752160243717301e-01
  -1.24177116172247470338e-01+j1.02688029058014745898e-01
  -1.25035365667879427853e-01+j9.92459916790092155914e-02
  -1.26176522949535907525e-01+j9.59302048051831057762e-02
  -1.27580572622235099978e-01+j9.26399718639260294495e-02
  -1.29255775604139061530e-01+j8.93763562821237866896e-02
  -1.31214893118395181659e-01+j8.61318296141030947943e-02
  -1.33451275612480768640e-01+j8.29605815633176479906e-02
  -1.35966718572584382985e-01+j7.98794062739194010714e-02
  -1.38724411701115851736e-01+j7.71158881239144555764e-02
  -1.41742289255188114172e-01+j7.44868561420563568554e-02
  -1.45020499216165471568e-01+j7.19984693897033900534e-02
  -1.48501223736573040313e-01+j6.97427581657178996544e-02
  -1.52196735051255138682e-01+j6.77009087540515197556e-02
  -1.56132916929643539294e-01+j6.58456773285552576791e-02
  -1.60262924748775514860e-01+j6.42100085532214537309e-02
  -1.64529330050434102750e-01+j6.28233964242375098053e-02
  -1.69012474887250019329e-01+j6.16647478720798170038e-02
  -1.73704100764429991699e-01+j6.07503517106027235428e-02
</dep>
